100 2000 1000
94 93 27.0087 58
47 31 0.35614 496
91 13 1.20918 1961
39 45 0.0398181 1458
56 65 2.22569 52
30 16 0.23788 543
30 55 0.116555 171
98 95 0.0765408 1682
14 31 3.97131 49
15 14 1.42337 89
75 7 6.72453 90
92 62 0.706551 682
8 6 2.14396 349
42 83 0.057456 181
72 83 0.032793 879
36 93 3.41312 906
93 81 0.347894 2518
5 81 13.1949 87
12 75 4.59238 72
35 29 0.457029 139
27 57 1.65786 90
10 3 0.98062 1522
41 47 1.98943 578
57 96 6.17521 7
36 22 0.188167 607
80 1 0.245313 1281
64 32 21.2777 44
11 31 0.422373 907
66 42 3.54814 29
91 90 0.762188 1992
59 60 0.246675 122
34 39 2.31028 255
13 38 0.963719 565
99 7 20.1654 22
95 46 0.773142 103
1 7 4.71414 523
54 18 0.726651 375
27 82 8.35379 8
55 19 1.20406 52
35 25 7.60167 149
88 39 0.762415 1973
88 70 0.0471449 2103
24 81 0.481615 1028
72 23 1.04357 976
91 56 0.290783 1470
46 50 9.99786 99
46 50 11.0431 30
66 5 0.224899 190
89 2 0.626262 290
27 34 8.10866 46
95 31 4.16074 6
12 82 10.1946 26
52 64 0.714141 20
97 64 0.315863 87
48 29 0.0355187 118
29 60 0.676793 17
55 61 0.559397 49
6 34 0.232864 1633
32 61 0.0355323 1507
98 81 0.668741 379
77 42 1.79107 348
95 21 15.5878 77
4 96 1.49518 532
94 32 15.6256 95
75 95 0.352091 159
76 30 0.365259 2197
5 8 15.8361 22
8 87 0.0447256 1112
37 25 9.11107 72
2 76 2.70404 546
84 52 1.11918 101
46 73 1.90576 51
5 52 1.57013 83
29 55 1.10074 44
0 4 1.21172 389
59 89 4.54454 262
30 28 3.07812 733
90 98 0.798149 1268
54 77 0.483138 999
94 77 5.78991 34
22 37 1.10259 98
86 65 0.968962 802
53 67 0.833263 48
89 11 1.05689 336
48 89 0.437806 966
6 12 0.0250288 1671
5 61 0.867689 83
67 57 0.0721891 127
59 48 10.3036 218
29 36 8.19539 86
80 59 0.127156 2177
86 96 0.547287 263
43 17 0.657763 91
75 28 8.86331 150
17 85 13.0083 31
19 70 0.741332 29
55 35 1.70781 106
43 83 0.574886 97
49 43 0.520877 77
45 30 14.2758 1
91 18 0.473207 1461
68 36 0.436342 2027
55 3 13.6906 89
22 24 13.4106 157
37 81 6.56651 159
20 95 1.04375 72
12 50 15.0136 26
29 13 26.6276 81
89 75 0.248581 418
56 42 1.77891 763
84 32 17.1765 109
62 59 0.114112 906
69 61 0.0216129 2911
66 94 0.356012 99
69 14 0.0477529 3331
26 79 5.57814 413
91 40 0.0431629 1691
0 89 3.03645 195
42 40 0.0741384 385
53 83 0.0295779 274
92 47 0.508461 1791
46 18 11.0365 96
33 80 10.7394 82
56 85 1.32012 362
23 76 1.31761 1237
2 84 0.121105 694
1 75 0.700093 167
90 68 0.886225 1601
34 74 1.05679 193
19 96 5.52528 148
7 56 0.296202 1986
58 39 1.34239 48
43 39 14.4913 6
94 78 0.626928 78
0 6 6.09677 443
72 45 0.0359186 982
96 27 0.10258 241
43 14 1.49797 37
11 24 1.63942 373
10 67 1.02908 688
14 18 7.59881 140
66 51 0.23401 86
98 66 0.21776 1589
57 60 0.483227 107
41 99 0.113446 400
38 61 0.0230487 2043
17 70 1.45481 5
47 59 0.157998 134
46 50 10.4711 59
29 46 0.937556 8
13 49 0.0666973 336
56 12 0.103742 442
85 64 0.0935141 341
48 46 0.0370893 2830
13 81 0.362983 509
83 99 1.49684 38
71 50 14.1857 82
51 72 22.2614 88
61 58 16.1667 3
64 97 3.19052 5
5 28 37.1052 9
71 25 22.4736 4
75 24 6.28769 296
38 2 0.27271 1870
6 63 0.0269833 1385
90 97 0.121641 402
67 6 1.48452 1446
85 46 0.103046 921
54 43 0.0752993 406
71 49 2.56838 42
33 39 9.75828 74
38 75 0.106036 3318
49 82 3.6853 73
5 1 6.39092 50
16 63 0.385764 80
30 95 0.12181 80
36 7 2.56582 819
15 2 8.12696 92
7 39 0.701043 1432
58 68 1.54705 404
93 7 0.719059 1421
38 42 0.394431 964
34 51 0.110911 74
56 60 0.103708 40
48 25 0.553123 719
71 9 1.61112 78
33 88 11.1497 126
41 70 0.121884 182
1 83 0.125301 123
24 20 0.056467 2347
57 25 11.1725 142
85 87 0.0739938 320
39 57 0.0810394 1195
65 72 1.09341 1139
2 20 0.141093 358
3 28 1.7958 943
60 12 0.964965 74
34 95 0.169669 473
11 35 0.142417 15
61 13 37.6246 52
92 43 0.0341303 1334
47 9 0.0647629 713
26 54 2.63652 355
32 2 0.465302 471
7 24 0.959201 1819
92 70 0.0325184 787
48 6 1.0495 2606
69 64 0.0276889 1219
92 39 0.492743 2341
39 95 0.0742472 1171
81 58 1.07112 1257
26 85 1.72344 566
11 65 1.16535 1403
88 12 0.0354172 1914
19 64 0.57441 44
40 58 11.3256 20
62 28 1.21919 401
24 28 1.29925 2337
48 68 0.642679 2041
66 88 5.58882 72
43 91 21.8276 66
26 91 4.24743 356
69 66 0.104254 609
81 77 0.56181 62
43 45 0.561799 62
48 7 0.795545 1601
9 4 4.00678 40
15 54 14.1333 73
31 88 3.5237 451
81 54 1.21242 737
22 87 0.38093 98
14 40 0.62747 37
51 18 12.8938 54
86 53 1.35499 1710
64 96 10.1809 24
15 26 4.92831 100
81 44 0.0979143 347
19 33 1.24952 105
32 80 1.17513 1590
57 70 0.72417 30
64 77 7.93897 71
84 53 19.1615 15
17 20 1.7705 50
20 75 2.60981 99
60 40 1.22033 73
45 83 0.960341 46
52 67 13.9483 51
79 38 1.06795 379
30 63 0.0821745 94
62 10 0.611142 1889
67 27 0.0471867 1377
96 42 1.32553 126
57 58 8.4265 7
38 34 0.21361 1087
12 10 23.1393 37
17 92 42.0647 58
53 83 0.0290497 1146
99 3 14.4589 38
53 4 0.24031 2266
66 7 6.88221 148
80 90 1.00347 590
9 51 0.645884 91
35 59 1.39095 172
15 76 27.4114 21
83 5 1.11188 56
87 93 47.1409 23
59 13 10.934 234
20 53 17.9531 33
82 67 2.51312 83
78 90 22.3987 80
38 55 0.039695 2015
36 90 2.44275 320
81 80 1.81046 3
33 87 0.391633 119
53 19 0.060719 143
45 26 7.19887 71
23 33 0.0968809 22
68 4 0.273869 1315
37 53 12.3602 36
38 21 0.690576 1383
18 5 0.0724323 820
96 55 0.144004 495
30 51 0.0800789 758
95 77 5.24442 24
27 72 19.3821 92
87 88 31.9527 12
73 21 11.7122 40
9 83 0.503589 133
80 64 0.0410926 2213
86 77 0.418408 1658
12 38 40.4312 72
16 32 7.76246 131
87 73 2.98427 31
47 10 0.958447 179
62 93 1.18487 1350
72 99 0.0547819 1196
29 25 16.3504 57
3 34 0.45727 1620
62 57 0.0571399 2134
97 25 6.38377 48
12 0 6.46071 53
84 57 1.38193 71
79 89 0.481452 2819
90 71 0.0357672 13
99 85 8.92561 3
96 8 1.54518 874
82 98 2.12935 491
15 3 16.1809 56
93 41 0.267966 825
33 96 5.11515 3
52 25 12.6606 89
26 92 6.06451 493
12 94 1.58944 39
83 69 47.4011 16
80 15 0.0519957 2094
18 16 0.181515 589
46 34 6.15831 100
44 23 15.1452 88
53 25 0.670254 176
78 14 1.77551 12
99 62 23.2992 70
70 18 10.2241 105
90 22 0.0818269 2187
2 79 2.9392 235
64 17 0.793672 69
71 61 0.944383 13
41 66 0.377986 561
51 9 1.49248 8
3 49 0.130324 1458
51 11 15.4473 13
30 25 1.57449 402
54 88 1.34514 1298
15 17 0.61785 53
70 55 1.11066 82
97 14 0.538384 294
13 28 0.980346 1333
4 70 0.182042 20
21 31 0.251703 363
36 20 0.141146 205
1 31 1.20379 106
37 78 0.45701 46
85 48 3.10297 59
72 5 0.0438398 345
26 22 0.292679 192
82 81 1.58244 113
25 60 0.0455729 90
30 49 0.215217 451
30 64 0.0841879 645
77 81 1.54409 0
55 74 6.04141 61
59 80 7.67846 280
22 65 9.32509 20
82 14 0.198284 319
71 95 1.58907 39
68 88 0.965322 262
43 98 13.9574 66
33 86 8.50651 186
46 10 14.2216 103
94 59 2.31084 4
25 56 0.438784 1314
54 16 0.143096 919
17 92 47.9401 21
78 65 18.528 34
3 49 0.113836 1565
69 98 0.540124 1874
28 75 0.107936 2567
59 40 0.345612 169
22 29 0.616322 40
37 56 4.1971 129
63 74 8.45574 84
78 89 15.0537 39
43 61 0.608274 60
37 48 16.2161 175
2 19 0.146992 23
62 39 0.692239 1810
24 14 0.0706043 1029
58 89 1.09885 835
56 53 3.32699 456
25 34 0.443611 1383
25 35 0.116408 1675
91 89 0.545635 1885
47 67 1.02842 119
46 80 18.4805 69
88 29 0.0484972 2059
46 43 0.942471 87
49 71 0.370201 90
29 31 5.92934 21
80 97 0.128155 1920
34 80 2.85734 596
94 2 6.899 87
6 48 0.920969 1311
55 42 9.99813 57
31 78 0.129572 647
51 33 2.12934 17
52 25 12.1953 37
64 87 0.801464 66
62 5 0.0336147 660
92 38 0.924298 3201
72 9 0.0673587 1174
88 40 0.0450781 1780
21 32 0.742663 1403
29 91 22.0294 70
93 69 1.04989 2388
67 15 0.050617 708
15 88 20.2724 65
60 65 21.0435 31
86 3 0.966829 1782
42 26 0.428981 0
78 20 1.44784 62
3 96 0.491843 1207
93 95 0.0391378 3028
76 56 0.243227 2706
96 74 0.936798 871
30 75 0.353604 417
49 19 0.736384 146
6 38 0.966508 1212
70 77 6.49492 73
55 87 0.518933 59
12 1 6.78132 30
54 55 0.0877361 110
95 59 1.92585 111
43 75 2.89772 0
4 48 5.21011 542
17 86 24.0523 49
84 2 8.55934 89
72 87 0.0356287 972
44 68 15.3882 45
89 19 0.0993516 107
73 3 8.47668 97
84 34 6.60397 36
96 3 1.80699 560
96 67 2.02768 762
44 0 3.73106 52
81 93 2.81369 847
5 59 3.12718 4
12 7 31.6143 67
62 5 0.0337835 2518
95 99 0.772703 138
88 5 0.0400821 1775
42 26 0.403881 28
78 50 13.3373 82
42 86 1.31807 153
44 34 5.61475 87
70 52 1.11429 8
10 89 0.789291 353
53 7 0.971664 868
38 81 0.365458 1230
4 49 0.352324 439
73 61 0.384639 172
74 69 3.92146 353
1 15 0.193563 179
41 7 2.79038 511
60 41 11.0412 25
30 78 0.084528 676
69 61 0.0215913 2839
8 37 0.120636 270
68 7 1.05301 918
28 83 0.0234553 1284
73 27 0.46341 131
14 48 18.3107 112
54 89 0.840704 1022
70 8 12.8078 93
63 3 18.2813 41
93 22 0.0535869 2427
12 87 0.895226 74
35 36 3.97647 163
6 47 0.577538 1519
1 62 4.46961 209
70 0 4.46769 62
18 87 0.0554514 1122
69 77 0.20572 1905
72 41 0.456406 975
91 20 0.0478864 2600
38 12 0.0229555 1021
91 6 1.1974 245
75 29 0.278816 109
92 63 0.0269928 540
97 61 0.264681 15
49 43 0.537711 139
33 66 2.03646 20
98 55 0.0738176 1509
20 72 13.9874 71
98 54 0.808737 66
65 68 1.09316 1400
78 57 1.65051 27
18 67 1.53671 314
2 17 0.0771443 444
85 34 0.793598 757
94 98 14.3449 47
49 89 6.20517 26
17 71 1.10724 42
86 5 0.046943 484
90 62 1.22598 1663
36 1 0.536978 515
99 65 14.8907 70
27 26 5.66961 33
90 38 1.41582 948
15 60 0.666082 11
64 66 4.06419 33
4 12 0.139131 407
26 38 5.89514 494
53 9 0.0512965 895
53 25 0.728405 1385
89 72 1.31138 607
39 36 0.482549 431
11 31 0.417593 930
32 14 0.0859911 1133
62 97 0.104173 388
76 54 0.512964 1977
68 75 0.164909 674
96 24 2.7028 138
40 77 6.59087 2
41 64 0.0896254 209
82 94 0.148818 556
36 6 3.37579 426
59 49 0.689238 130
82 50 1.47921 732
0 34 1.59363 119
49 19 0.733228 143
37 83 0.358982 121
0 74 1.77437 43
40 83 0.650152 84
91 62 0.942527 2137
78 2 10.4098 83
48 78 0.0269787 433
88 20 0.0594804 1106
73 60 0.383678 33
92 5 0.0229253 1722
13 20 0.0419263 805
19 24 16.1615 48
36 78 0.0912715 773
34 51 0.123608 615
28 66 0.113872 1894
92 63 0.0276119 1273
55 30 8.13005 43
15 40 0.878924 6
79 76 0.983051 797
9 53 17.5519 31
85 4 0.598706 667
68 85 0.482973 623
7 52 0.0528729 1392
75 27 0.258476 187
10 84 0.0592596 1668
98 6 1.75052 1244
89 32 1.33146 1145
1 96 1.6599 339
42 67 1.46736 1151
38 34 0.217638 1343
6 64 0.0270088 495
78 66 3.80862 51
88 83 0.0295224 700
71 76 36.6839 50
38 23 0.595081 1967
12 44 1.73268 42
58 44 0.0968182 1022
64 44 1.50957 74
33 99 0.582177 58
57 34 5.09728 149
78 79 35.2815 63
78 34 8.08326 82
25 83 0.0400402 1126
58 84 0.087441 1177
57 10 11.7163 56
69 81 0.340319 981
92 14 0.0461819 321
75 77 1.97238 90
7 22 0.068229 615
0 82 1.5436 411
6 55 0.0393209 878
71 39 23.987 41
95 5 0.62877 68
92 65 0.498713 2753
78 32 22.4067 18
55 39 13.3022 16
91 64 0.0336528 363
48 51 0.0285121 2232
53 14 0.0696991 870
19 68 13.2697 25
26 23 3.54925 166
10 32 1.10886 948
67 98 0.821923 1647
60 96 10.9035 22
50 3 1.35808 346
10 53 1.32873 759
98 13 1.70286 220
51 43 1.32503 84
95 78 0.58162 26
83 29 1.41221 62
19 82 4.50194 94
98 31 0.354048 623
98 34 0.428796 1732
47 92 1.85045 300
30 6 2.8931 654
29 87 0.582826 34
54 13 1.90608 860
86 47 0.948294 1213
66 73 0.563885 62
13 33 0.059933 379
15 42 11.9565 90
34 71 0.0960483 95
25 65 1.01625 532
73 67 9.17135 112
31 58 2.0131 402
90 98 0.837669 91
86 90 1.20306 834
77 21 3.104 425
89 37 0.122176 1213
74 36 1.05287 704
89 31 0.462699 329
10 13 1.72239 1754
11 54 0.963049 1427
8 75 0.241798 75
21 35 0.0918077 755
42 57 0.108088 946
52 86 13.1779 95
83 9 1.86537 38
82 55 0.159551 646
33 64 0.449674 0
61 51 1.16687 27
39 26 0.275209 1242
11 89 0.890836 1021
21 11 0.604754 2033
64 39 20.9469 27
12 1 6.39662 20
48 58 0.413827 512
14 25 10.7645 149
81 21 1.91651 909
46 95 1.11163 25
57 26 3.51319 158
29 81 11.304 29
98 82 0.461141 1191
19 2 6.12445 131
62 95 0.0534792 2239
84 46 1.0348 57
84 24 20.697 78
31 43 0.17204 293
11 33 0.121995 1423
76 41 0.323396 1684
86 98 0.907666 598
59 7 8.45142 111
53 67 0.833327 1832
61 42 16.8656 21
98 44 0.0738818 725
62 19 0.0585346 67
2 59 0.277143 466
28 96 0.274143 680
3 94 0.0728616 1429
82 40 0.126526 677
80 41 0.393109 238
56 54 1.90784 672
12 62 31.3923 48
3 37 0.109095 1663
26 71 0.144985 233
82 62 3.09181 45
38 97 0.0803302 2351
7 61 0.029332 573
96 57 0.176099 609
90 89 0.639085 1639
14 77 4.75437 72
44 46 0.764356 33
71 99 1.4384 15
39 42 0.664777 1862
77 60 0.0940724 177
7 88 0.852121 1415
66 23 5.55396 307
70 82 6.77858 83
34 38 4.27132 452
50 77 0.611702 161
54 36 0.594135 301
24 28 1.23334 1776
68 73 0.0957726 1117
12 42 16.5836 48
82 73 0.266458 776
71 86 21.4667 49
2 47 1.96145 6
24 95 0.0599372 2253
8 47 1.28575 409
24 2 0.397216 1574
85 93 3.4319 123
68 34 0.36229 798
19 89 9.28489 26
90 24 1.12403 827
94 45 0.51982 92
83 37 2.6397 53
91 16 0.0898356 2039
49 17 0.356717 78
87 0 6.63685 5
68 86 0.749452 1898
61 24 29.6284 73
79 43 0.0348294 170
52 46 0.844159 96
67 62 1.30764 1229
9 99 0.798642 69
53 16 0.0997402 1629
59 41 3.08665 63
56 14 0.218488 541
60 32 23.9553 31
62 25 0.674145 1526
2 24 2.60856 784
16 90 9.01597 135
71 16 3.06598 35
61 52 1.75637 59
75 17 0.190137 347
79 84 0.0382115 1046
58 79 2.39638 688
95 98 11.3602 81
3 50 0.647651 1617
53 6 1.28872 1938
77 4 0.752719 78
26 6 5.66525 174
71 24 29.2489 2
17 68 27.1684 0
32 80 1.04374 1650
7 70 0.0425328 767
54 50 0.723941 728
35 99 0.499093 59
43 37 1.62644 50
94 82 6.01652 43
50 75 0.304657 579
31 3 2.58461 629
75 48 7.63356 363
95 0 3.43628 87
11 34 0.487665 1199
85 53 2.30453 95
14 70 0.681017 11
12 84 1.35733 69
11 58 0.849849 1186
46 86 15.8141 22
99 19 1.27314 11
80 8 0.645819 2103
43 72 15.5379 64
52 7 17.9872 103
14 95 0.802665 54
14 72 10.646 96
31 99 0.167627 512
81 18 0.922369 1135
37 38 16.7406 59
31 88 3.36073 399
95 20 1.01248 121
38 69 1.06292 3110
63 43 1.24339 59
47 62 1.37847 1145
18 79 2.40136 53
90 77 0.368445 2124
15 17 0.642535 9
16 55 0.54531 225
65 83 0.0386478 1621
97 32 6.17825 72
19 57 1.02573 6
76 81 0.410685 2082
69 16 0.0726726 2621
93 7 0.76949 1184
73 8 6.77687 151
58 7 1.93759 831
83 82 10.9809 3
75 54 4.16005 40
54 4 0.369687 242
77 26 0.754549 52
86 43 0.0650803 690
16 12 0.300008 61
42 70 0.0873646 1265
50 99 0.0957778 713
41 78 0.0946387 620
98 7 1.33254 934
9 98 12.0951 105
60 98 22.2224 31
55 49 1.5237 24
25 22 0.0961486 545
38 78 0.0258588 272
16 84 0.469661 78
15 82 7.37441 70
17 64 1.2278 22
34 1 0.628409 747
21 8 0.569729 50
45 93 44.5645 35
61 70 1.51596 30
9 88 17.3885 45
33 25 9.61363 47
2 70 0.109264 350
43 75 2.96207 43
34 37 0.221694 602
74 44 0.166881 322
87 11 19.8181 39
77 34 1.01636 27
81 31 0.497168 704
40 88 19.5541 38
17 5 1.15574 65
50 26 0.452386 1109
91 8 0.52195 626
32 48 1.55452 1926
90 22 0.0803062 714
3 98 0.964056 839
35 18 5.55841 193
11 95 0.087507 343
93 30 0.309488 294
83 11 20.3212 60
19 35 1.28069 139
30 13 2.92649 410
49 79 13.2989 25
45 10 22.5457 70
27 66 3.6411 59
50 70 0.0838866 297
29 98 16.3547 39
60 16 2.72709 79
6 8 0.449075 2099
14 64 0.536992 87
73 44 0.655815 171
79 16 0.0781346 3076
17 70 1.4717 52
63 83 0.706749 93
29 95 1.15173 98
98 46 0.0610101 883
84 96 8.28333 15
27 78 0.857423 64
46 80 20.0496 43
48 62 0.82576 2748
52 74 6.07004 116
57 64 0.598577 28
16 0 1.95774 234
12 19 1.86111 18
31 64 0.132603 294
9 71 0.575094 129
40 18 12.3151 83
94 58 9.83336 98
45 2 13.7393 25
17 23 24.9783 40
47 51 0.0478976 712
84 13 26.9374 55
43 26 4.57176 80
45 62 34.4174 55
56 48 4.28733 266
97 56 2.4927 284
70 7 23.0896 60
17 5 1.07673 29
39 74 0.447311 1595
2 19 0.155336 741
39 69 1.68181 454
94 17 0.535672 71
72 70 0.055387 854
1 58 2.30921 429
82 53 3.20889 40
28 51 0.0262414 1664
2 41 0.960944 640
78 40 1.26117 28
59 99 0.382103 36
75 5 0.239194 144
87 73 2.69243 4
62 5 0.0298527 1934
80 75 0.157947 1024
50 73 0.159277 645
26 97 0.531816 477
3 45 0.0380987 1057
28 42 0.410252 1995
78 92 38.2433 17
89 38 2.30432 1212
40 74 7.68639 39
89 76 2.04876 155
61 65 21.2363 15
61 41 10.8741 65
24 13 1.23608 112
3 70 0.0654764 1031
63 44 1.5132 66
43 52 1.10437 24
26 28 5.13866 465
57 86 10.5988 131
56 69 4.25163 370
46 27 0.756881 17
61 81 15.5713 54
12 79 37.3133 15
11 58 0.872231 1034
6 86 0.559571 296
83 37 2.63999 46
40 22 1.54117 102
60 77 10.0149 47
0 5 0.181873 70
27 72 21.2251 77
51 33 2.12527 51
99 83 0.626827 111
49 7 10.7367 123
83 85 14.0432 17
10 42 0.697532 1457
50 72 1.5081 828
94 6 22.7567 108
64 5 0.962374 80
66 6 8.03746 144
97 75 1.22618 145
36 5 0.0888262 894
35 9 0.604355 31
36 69 3.80591 222
1 98 3.29438 311
63 53 26.5775 88
67 44 0.0650967 1522
10 1 0.296778 1013
40 93 32.8515 45
49 78 0.380262 39
2 69 3.64267 52
47 72 1.04637 100
77 98 2.30758 468
66 88 6.13902 137
41 16 0.234639 659
77 3 2.20986 307
14 58 6.97031 74
48 63 0.0291995 3092
7 80 0.92571 776
0 64 0.190989 451
89 46 0.0711446 1012
21 88 0.951728 1240
94 20 1.10381 8
8 65 1.1115 944
56 48 4.3079 299
17 51 1.23503 55
42 36 0.66124 1194
62 17 0.0268115 12
98 64 0.048203 1644
80 52 0.0615448 701
48 51 0.0275176 3158
2 45 0.0752297 994
57 65 10.3199 92
21 82 0.332385 2131
67 61 0.0409373 1844
56 45 0.091041 186
71 75 4.39373 54
54 38 2.14353 1346
3 0 0.255325 279
81 3 1.40032 283
70 60 0.746616 19
68 37 0.080578 1130
89 31 0.414924 1244
1 24 4.344 127
87 12 0.997238 61
36 26 0.614536 49
57 79 19.8065 130
26 11 2.45842 394
34 43 0.136031 182
5 85 11.7345 35
1 94 0.250993 234
88 24 1.06595 451
95 39 12.0953 86
98 87 0.0406438 1341
74 81 1.56782 668
82 48 4.00506 326
16 85 3.92675 80
85 74 0.754362 276
11 12 0.0500961 940
85 73 0.21539 915
73 10 7.97103 202
99 57 1.33624 17
97 24 8.04418 140
16 51 0.402167 235
19 25 10.2915 135
24 26 0.212112 183
51 39 20.2611 11
32 28 1.62401 1470
33 32 9.66412 174
65 40 0.0561434 356
98 80 1.178 1784
41 58 1.34226 623
99 84 1.02019 74
92 3 0.471175 1856
14 0 2.95681 101
48 22 0.0524951 2237
21 58 0.539112 1757
95 31 4.68444 137
47 42 0.678694 1119
85 96 0.94988 55
31 51 0.140753 67
50 14 0.129916 728
86 54 0.851296 1113
94 14 1.18398 93
11 33 0.123694 792
32 61 0.0389452 21
42 83 0.0527222 1122
35 94 0.578591 118
56 72 2.45705 307
40 13 29.6771 23
44 77 5.46419 17
77 99 0.144776 252
4 0 0.797228 66
7 54 0.667033 932
96 81 1.36241 570
65 96 0.51364 145
18 68 1.73567 113
67 54 0.739424 762
0 95 0.262638 80
87 98 23.4923 62
38 70 0.0323779 3121
94 36 6.46931 79
45 96 12.6231 59
76 36 0.317985 1344
17 43 1.60423 18
37 10 8.91558 146
54 2 0.571671 1496
92 50 0.362029 3049
87 19 2.09354 27
92 89 0.397782 799
4 83 0.118343 54
6 55 0.0424098 2601
49 32 8.66216 19
63 73 2.09832 11
8 18 0.801743 331
20 53 17.2157 106
47 80 1.20746 1282
4 24 4.31307 181
26 72 3.45673 174
67 56 0.346335 387
62 45 0.0275895 202
18 51 0.0694715 1062
86 1 0.314478 1551
37 20 0.663591 180
14 44 0.827591 125
63 89 14.519 16
0 44 0.27123 300
15 78 0.784962 10
41 82 0.88216 519
28 40 0.0327846 1999
80 15 0.0476064 1292
10 49 0.116747 1334
55 28 24.8467 2
26 11 2.58245 391
41 96 0.951566 885
50 52 0.108929 425
80 50 0.543319 1712
27 56 7.65534 24
27 22 1.6781 44
67 74 0.427976 1665
27 9 1.43608 44
35 48 14.1618 148
10 64 0.0485182 714
18 77 0.628724 359
10 2 0.550248 1541
27 80 22.571 21
37 74 4.233 81
92 19 0.0478533 1724
78 75 4.30435 3
15 57 1.34098 76
64 91 29.1619 34
89 61 0.0553049 1122
25 83 0.0399997 1580
43 83 0.557699 44
59 68 6.68591 246
57 26 3.26559 61
48 31 0.210665 440
62 27 0.0375019 129
69 94 0.0357934 1837
30 17 0.0694637 597
58 15 0.0772371 378
9 51 0.707609 16
87 19 2.20113 40
75 69 8.60461 363
71 49 2.62878 56
26 53 4.08356 495
79 65 0.524364 2831
52 47 13.1549 66
33 93 18.2209 47
8 17 0.0495402 213
82 98 2.29661 305
65 75 0.192343 1126
93 71 0.0247877 1641
75 69 9.37855 165
38 73 0.0601756 1877
73 18 6.02259 71
48 50 0.395837 2838
41 15 0.112101 142
34 97 0.365573 220
97 15 0.347263 249
33 86 9.11917 158
35 58 5.638 54
89 91 1.81214 520
83 6 43.2023 65
82 63 0.120991 770
14 68 12.9531 112
64 45 0.809274 44
24 38 1.20844 2380
67 53 1.12545 1520
45 19 2.19166 1
75 1 1.412 116
49 24 11.0982 15
57 37 1.12065 107
83 11 19.6461 44
58 11 1.11773 473
51 64 0.958723 77
69 24 0.651332 1488
0 45 0.146807 298
51 33 2.05588 48
58 15 0.0775858 1139
50 38 2.57566 609
18 1 0.422686 396
76 59 0.0917193 964
71 72 24.2753 29
88 89 0.649761 265
31 95 0.227636 482
74 32 2.34183 109
37 95 0.681664 114
97 23 7.14981 219
85 11 1.50266 313
41 81 1.25333 650
33 82 4.14446 65
58 65 1.25709 115
54 25 1.15006 578
69 38 0.993492 1739
64 69 37.1356 6
46 81 10.3583 56
50 17 0.0600278 300
83 91 33.6809 69
68 37 0.0888556 1326
51 17 0.766617 56
55 53 17.1475 1
33 96 4.51893 90
42 45 0.0499238 40
26 17 0.139277 437
88 60 0.0369623 753
14 31 3.47763 58
16 81 4.82079 178
38 46 0.0342002 354
35 20 0.607787 58
65 56 0.385879 1282
40 97 2.47679 55
32 63 0.0430266 1238
79 27 0.0301833 1097
27 51 0.951414 15
53 25 0.747218 951
55 83 0.516371 136
53 79 1.27397 355
10 19 0.0900027 176
55 61 0.573688 123
8 0 0.335874 992
26 17 0.130928 366
95 96 6.27132 67
28 43 0.0341104 1805
2 58 1.31559 47
25 81 0.643188 1318
29 35 1.81096 53
45 50 15.2596 24
96 8 1.59977 468
76 28 1.08709 2691
42 89 1.01243 781
84 71 0.643508 76
49 93 16.0804 103
26 7 4.1411 183
52 19 1.13529 112
45 9 1.65691 7
10 87 0.0397943 1414
96 46 0.112031 68
3 34 0.454437 180
53 70 0.0430569 717
87 56 10.4448 62
67 75 0.183685 1561
14 21 14.3985 23
63 64 1.03388 88
2 73 0.200548 986
27 90 23.5175 22
13 19 0.0513103 1986
34 44 0.159527 464
52 45 0.567162 24
25 46 0.0656242 564
50 79 2.50077 123
19 20 0.814913 65
28 81 0.38888 1837
3 14 0.089382 457
60 41 11.3235 4
76 2 0.318189 543
74 35 0.246695 765
65 14 0.0986282 132
28 97 0.0836871 2426
39 38 1.66045 679
8 31 0.412044 865
47 29 0.0587982 1243
85 63 0.0859492 609
3 13 1.79977 425
69 60 0.0237154 151
51 30 11.2439 11
91 55 0.0519783 2250
6 37 0.0604751 183
86 47 0.95431 132
22 44 0.789726 52
71 23 23.305 4
7 38 1.30411 803
67 89 0.75829 916
60 54 19.6851 72
87 98 24.9965 9
50 83 0.0547407 343
58 89 1.09848 1231
23 76 1.40101 566
90 16 0.111941 1755
92 64 0.0273048 2016
18 97 0.209695 678
83 45 0.987947 35
4 70 0.188957 377
0 78 0.182077 354
18 22 0.130391 658
95 65 13.0988 96
91 20 0.0496558 892
72 29 0.0559294 590
19 99 0.68678 10
60 21 27.7263 80
96 69 3.75441 317
16 36 3.73261 55
11 58 0.83938 1155
52 94 0.916113 17
29 5 0.801234 87
42 30 0.826709 96
4 7 4.20714 260
88 46 0.0531931 2275
70 27 0.870921 104
70 54 13.2431 49
65 95 0.0772446 764
7 3 0.710059 1553
82 8 1.82431 123
45 7 33.0329 41
55 1 3.59712 92
89 1 0.327337 1440
67 49 0.1141 1990
35 99 0.474479 77
92 45 0.0194451 2555
67 90 1.00164 658
38 23 0.551152 1477
75 63 0.250891 286
83 43 1.6898 55
22 17 0.40165 154
15 6 29.9577 76
22 47 11.0729 99
51 98 18.4071 45
52 22 1.35087 88
74 17 0.0853296 663
85 22 0.175024 348
35 42 5.42636 1
0 67 3.68564 498
99 35 1.87578 66
92 85 0.276364 1786
24 91 1.07471 2132
18 57 0.127847 1051
26 2 1.75171 210
13 96 0.286531 865
3 25 0.975179 1072
48 63 0.0296035 2196
37 60 0.38919 188
55 7 16.8378 64
95 47 13.1694 77
20 95 0.951785 62
23 9 0.0622971 197
43 79 24.2279 38
33 35 1.1171 73
5 22 1.86634 19
57 92 21.4075 68
28 58 0.368755 1085
25 7 1.45591 208
68 49 0.0973867 1273
60 26 6.97604 62
73 13 14.2909 94
69 12 0.0231284 729
84 55 1.08613 72
22 30 5.70793 149
92 98 0.497769 1454
89 59 0.185544 514
30 42 1.28995 126
21 52 0.0540979 142
84 6 26.0738 84
7 45 0.0296779 2265
11 33 0.124089 197
5 56 9.12092 24
85 95 0.132272 553
61 54 20.5001 27
84 16 2.09812 42
63 27 0.927428 73
91 32 0.773973 1210
58 31 0.493823 486
92 16 0.0708529 29
30 60 0.0738938 407
37 82 3.93644 26
73 87 0.316501 112
95 83 0.530061 23
69 31 0.180721 756
28 67 0.589991 1533
93 77 0.226794 2716
13 68 0.693587 2784
70 56 6.55565 92
34 96 1.17184 137
52 36 6.69445 38
65 29 0.0616641 1101
39 31 0.343758 765
86 45 0.0415567 518
66 58 3.54376 204
55 86 12.6884 125
30 67 1.82797 799
89 62 1.75311 1088
26 21 3.91745 6
17 86 21.6658 41
76 4 0.20215 355
59 52 0.423384 290
76 89 0.49316 1192
27 71 0.795852 82
42 94 0.0999003 132
6 57 0.0504921 871
64 17 0.800386 11
41 98 1.89123 926
29 93 28.9045 22
64 41 10.2205 34
95 71 0.541537 117
68 14 0.0720337 813
5 55 1.46795 17
83 34 9.91472 24
55 61 0.572045 109
67 85 0.492901 334
21 94 0.0485966 1604
18 48 2.41991 283
12 70 1.30736 30
9 24 17.0135 70
47 22 0.0888291 731
96 71 0.0911449 596
80 27 0.0409397 1814
78 38 35.965 59
59 93 10.5802 232
19 90 12.903 36
94 21 16.9158 93
85 93 3.17459 370
92 23 0.563223 943
61 68 24.8887 46
19 82 4.94163 47
14 54 9.49596 159
87 93 46.7289 55
25 70 0.0657535 93
75 86 4.44572 130
59 69 10.9119 207
92 24 0.709884 2102
31 30 1.67668 484
0 39 3.55585 498
37 74 4.29058 1
94 7 19.8142 6
95 22 1.1877 57
61 64 1.1224 16
14 45 0.436841 125
96 40 0.114126 273
97 0 1.6724 235
61 24 31.1592 53
23 94 0.0663383 1547
69 28 0.84408 1073
1 94 0.219229 407
62 86 0.625303 2147
50 72 1.56087 427
59 22 0.604127 43
44 37 1.26143 16
51 72 21.5022 9
84 25 14.4094 24
28 13 0.913166 479
37 83 0.358216 161
48 84 0.0335368 628
64 46 1.16812 15
57 25 11.0889 82
52 11 11.8291 70
77 31 0.8902 177
17 6 42.8674 39
80 85 0.421285 405
88 50 0.519377 1351
40 90 20.2403 6
40 99 0.982268 5
19 64 0.520108 22
25 77 0.420292 397
31 16 0.355242 448
88 16 0.101161 1140
64 2 11.0865 8
93 42 0.364337 1112
52 17 0.568471 111
0 57 0.326633 183
88 40 0.0465806 998
97 74 2.60606 14
27 45 0.74525 32
85 65 1.72001 688
85 98 1.61141 1021
50 88 1.79026 1088
78 41 10.2858 77
87 9 1.70646 25
99 2 8.08475 47
19 69 22.4958 37
39 81 0.648679 724
54 85 0.605606 11
3 88 1.33612 1631
34 61 0.103112 364
63 26 5.55396 9
68 51 0.0448275 1640
16 69 13.169 24
84 89 13.1273 26
68 20 0.0629041 852
4 55 0.214377 51
6 18 0.369422 2204
57 5 0.57363 115
13 61 0.0240057 1164
46 61 0.706043 111
98 14 0.093658 1370
45 37 2.58019 72
81 30 0.838319 294
8 44 0.0884836 732
37 34 3.9125 115
21 15 0.0452605 610
51 61 0.843202 37
91 79 1.16365 1880
40 53 22.8542 51
37 32 10.3242 44
43 97 2.3673 50
97 21 7.83009 108
54 72 1.19699 1600
4 98 3.04057 502
45 95 1.86138 57
39 36 0.453139 588
45 2 13.9014 17
61 21 29.1237 2
33 1 2.62259 64
78 23 23.1761 7
43 69 27.5996 62
67 29 0.0555955 122
67 39 0.978303 1432
51 6 34.6534 17
72 36 0.46793 444
54 9 0.0791692 1237
74 11 1.76048 437
72 2 0.477205 1873
66 8 3.68921 47
11 81 0.834037 183
7 38 1.22455 1428
92 24 0.701486 48
3 82 0.408028 1215
89 11 0.947763 697
48 73 0.0612378 2703
8 80 1.53393 497
2 32 2.06002 529
82 37 0.229779 91
51 31 6.36247 51
61 39 24.0299 24
67 52 0.0678613 583
39 72 1.02084 453
35 89 6.34447 30
15 54 13.9977 16
22 30 5.8375 96
36 2 1.00758 199
60 77 9.11454 21
51 7 24.5806 12
95 2 6.99142 86
71 85 11.7407 67
54 61 0.0472661 882
35 24 10.9623 134
92 78 0.024019 492
51 95 1.39065 54
90 93 1.51432 221
49 8 6.54116 16
59 34 2.64482 8
75 24 6.44939 313
72 13 1.496 851
96 44 0.143872 783
13 56 0.220209 1531
50 65 1.50245 594
26 60 0.147246 224
47 56 0.408527 1217
67 37 0.0999654 1386
55 88 16.7686 32
85 31 0.664348 224
46 3 15.2826 65
34 65 2.31894 250
26 33 0.350917 464
75 24 6.31269 315
91 31 0.241222 2588
33 96 5.18983 143
99 47 15.5859 3
16 43 0.505102 202
28 87 0.0225146 2697
40 51 0.909483 54
15 3 15.5798 86
37 25 9.4554 23
68 38 1.39874 1512
7 5 0.0352638 768
18 87 0.0523089 1244
29 16 2.06658 95
88 52 0.0536082 996
9 89 10.2831 64
81 73 0.165511 392
55 89 10.9667 88
96 35 0.224573 643
39 38 1.79872 303
19 35 1.42328 106
49 77 3.49461 77
18 58 0.938939 127
60 76 37.259 25
8 46 0.0773756 556
49 17 0.338378 130
28 36 0.271214 556
47 66 0.195263 1242
63 93 33.5055 45
33 21 12.9007 160
27 36 8.95204 46
96 78 0.091218 65
37 92 18.8127 105
20 16 1.72017 120
54 19 0.102338 367
61 46 1.47025 64
17 97 3.85643 9
89 54 1.12486 114
66 76 8.16458 174
23 3 0.831377 870
89 60 0.0573496 689
64 20 1.52542 7
44 86 11.6724 70
17 71 1.03573 0
94 4 4.44211 113
8 82 0.527727 1407
29 56 6.14609 0
78 30 11.4605 66
67 49 0.101105 509
42 95 0.110421 487
55 39 13.915 31
69 32 0.527904 1096
28 91 0.733227 3049
48 38 1.01737 388
88 74 0.347436 1014
47 81 0.634265 254
74 71 0.0903554 703
3 82 0.463911 609
20 23 14.9117 127
63 0 4.81544 89
0 53 4.77485 240
30 96 0.924605 207
76 80 0.773543 1791
90 28 1.33014 1572
21 26 0.226766 2320
89 71 0.0509523 952
3 66 0.216896 1061
91 5 0.0320782 1727
57 62 16.4165 8
43 89 11.1979 107
64 86 18.244 72
60 84 1.51702 58
44 62 18.624 67
30 20 0.127965 803
99 74 7.4392 33
29 30 8.86838 31
81 21 1.93593 0
96 86 1.70422 777
62 43 0.0407119 2531
23 26 0.29186 399
46 98 16.0788 95
54 62 1.55298 496
96 86 1.81795 361
43 81 10.337 5
67 23 0.965863 1441
62 64 0.0341495 518
5 36 9.56828 65
59 58 4.14499 223
37 83 0.363335 120
84 39 14.9835 16
88 54 0.72539 299
44 71 0.626594 110
1 70 0.213118 361
53 59 0.115262 79
47 51 0.0484646 1317
97 95 0.44726 180
59 52 0.426402 265
51 78 0.86429 6
93 39 0.565426 721
2 49 0.218314 211
44 73 1.50013 10
72 26 0.275251 1036
88 2 0.445336 857
95 26 3.57558 56
22 55 0.719273 5
42 57 0.120876 797
14 98 9.64743 94
26 25 2.87853 35
76 47 0.583815 2012
26 67 3.52637 102
69 16 0.0718624 2903
78 93 37.967 12
65 0 0.287153 744
20 29 0.777083 40
68 45 0.0338053 1487
18 72 1.63434 483
11 57 0.104381 564
63 9 1.42195 46
52 30 7.98119 85
90 91 1.12499 1187
9 27 0.675193 97
30 1 0.50231 812
74 86 2.02176 577
93 98 0.475042 2789
28 43 0.0337854 1228
5 76 35.1476 56
80 66 0.162354 636
21 76 1.2525 1383
57 46 0.751735 12
37 73 1.01837 135
17 83 0.934779 53
42 36 0.694246 1136
42 7 1.83739 110
18 79 2.29995 1049
13 81 0.386691 1140
27 58 12.5315 20
49 79 13.6938 184
84 46 0.923456 114
83 25 25.7382 63
84 89 12.6727 116
42 53 1.94112 1289
73 68 9.56903 27
79 28 1.02931 2451
55 46 0.769881 81
6 94 0.0370264 1269
13 16 0.0788598 160
88 41 0.379053 1254
91 65 0.671201 2449
1 45 0.133089 388
51 81 13.4948 72
58 3 1.30927 879
25 38 1.83365 161
88 41 0.38685 221
56 79 4.12189 465
86 79 1.73792 906
40 10 15.0941 57
6 97 0.0963855 2183
36 69 3.90768 555
89 46 0.0736318 1204
27 29 1.21711 91
89 91 1.6752 660
61 49 2.77251 33
84 96 7.90689 50
8 59 0.193075 814
99 53 20.4738 88
59 22 0.619172 174
62 2 0.376562 2534
33 93 16.1169 175
32 57 0.0798843 475
3 80 1.21041 485
6 72 0.585682 2041
74 85 1.15252 372
41 36 0.880127 384
10 91 1.43582 755
89 14 0.120476 348
53 42 0.511111 675
18 49 0.181409 707
4 58 1.98331 510
82 34 1.00743 686
45 98 24.07 37
4 30 1.63138 397
48 10 0.515971 2619
77 11 1.7771 50
97 30 3.71172 164
79 82 0.25618 123
31 37 0.264242 226
98 73 0.117626 1721
39 81 0.616541 408
62 72 0.750202 451
59 48 10.6153 176
82 36 1.16185 130
43 62 20.4351 7
61 66 4.46388 20
12 94 1.54816 5
92 37 0.0518722 3071
39 44 0.073279 1576
49 39 8.1236 171
88 0 0.225109 1386
72 76 1.51779 1613
11 99 0.073494 523
16 79 13.0746 36
53 63 0.0394421 2396
69 27 0.025689 2192
44 61 0.581198 61
17 81 17.4638 44
6 69 1.0279 361
47 25 0.924604 1609
47 59 0.158591 520
93 18 0.359302 1962
51 81 13.9755 75
17 53 31.3669 61
24 99 0.0467648 790
71 0 6.14854 54
66 50 3.02973 310
59 42 4.16421 101
33 88 11.0615 76
19 3 10.2948 115
35 33 0.809826 222
26 49 0.358717 323
17 0 6.34268 47
44 42 8.6531 8
75 4 1.45975 235
88 30 0.432022 1463
23 89 0.672252 234
30 75 0.335413 899
65 53 1.31161 919
4 46 0.183788 309
51 33 2.04474 34
36 14 0.191102 430
97 8 5.30348 150
93 16 0.0692325 2884
72 95 0.0682515 1095
58 76 2.20758 1097
17 47 23.8887 56
23 36 0.465003 228
11 56 0.466036 965
5 6 33.4078 77
92 7 0.725887 2059
89 6 2.17175 1398
84 1 4.21075 51
18 51 0.0703045 21
54 88 1.35536 706
90 17 0.0347489 459
54 20 0.0847085 1503
7 88 0.859286 825
40 32 18.9008 82
92 43 0.0321389 0
95 30 7.62081 62
20 68 15.2721 97
17 64 1.16074 47
98 91 1.3185 260
71 90 26.1639 49
66 78 0.237325 219
66 36 2.54559 318
91 61 0.0295003 1065
42 55 0.10758 238
69 5 0.0229741 2163
50 89 1.13787 288
40 9 1.17184 92
5 62 29.7303 55
51 86 17.6595 56
92 76 0.83013 1590
88 16 0.0988513 268
42 27 0.0725306 1209
59 12 0.274434 2
65 4 0.329905 1168
56 59 0.394516 347
36 90 2.35738 151
95 62 17.2642 125
23 19 0.0714123 1955
57 14 1.05246 155
52 51 0.70597 52
44 52 0.89017 88
53 86 0.656067 1258
60 91 32.7488 66
43 99 0.948698 16
1 20 0.263053 400
50 3 1.40374 464
53 70 0.046912 606
51 22 1.72441 68
85 68 2.12206 363
39 6 1.68577 530
87 61 0.984418 31
33 83 0.341274 184
57 78 0.555662 142
8 13 1.92296 1009
81 35 0.167529 1093
37 7 12.8859 175
44 58 8.83015 105
63 73 2.13918 78
75 51 0.2372 289
76 38 1.10338 1604
74 56 0.852036 690
84 33 1.64583 29
95 77 4.89322 76
76 89 0.496448 1444
17 87 0.888527 47
69 40 0.0311421 1926
16 23 8.37765 242
79 37 0.0566482 2534
71 79 39.0086 1
68 49 0.105636 407
4 42 2.18089 579
89 33 0.134815 222
91 54 0.578824 1354
35 11 6.75226 215
73 49 1.06968 88
95 70 0.747319 82
38 23 0.601494 918
52 47 13.185 36
80 56 0.330233 208
58 75 0.28593 1117
48 17 0.0236408 809
80 97 0.122686 1948
86 69 1.91673 592
70 86 15.673 44
19 12 0.458169 133
32 18 0.609519 845
85 35 0.208295 229
56 48 4.14407 419
9 37 1.46476 33
36 98 2.05365 622
17 6 40.6991 32
13 40 0.0355952 1155
59 16 0.788049 286
43 68 18.8811 91
33 79 16.6755 90
22 85 5.84971 33
36 93 3.49198 910
97 17 0.233917 268
60 14 2.04463 14
4 72 3.09122 185
43 58 10.5261 88
92 30 0.306795 2015
93 25 0.511222 160
53 16 0.0985418 2011
18 7 1.88015 872
67 62 1.26275 965
54 2 0.599119 941
98 95 0.0756876 1652
8 52 0.0858736 1391
60 56 8.94618 54
46 35 1.9772 5
90 61 0.0363259 358
9 29 0.79266 34
43 48 25.5517 119
14 61 0.468619 144
57 69 19.6864 70
1 43 0.205482 54
40 13 29.5675 69
89 38 2.17562 1420
12 83 0.909165 66
90 22 0.0827026 1287
20 51 0.610019 75
56 1 0.697369 449
54 87 0.0458984 1404
39 87 0.0387426 773
97 30 3.7606 129
79 61 0.0253028 1763
17 97 3.57133 18
53 82 0.293072 1285
99 38 28.0816 60
14 94 0.781621 61
49 51 0.440904 26
22 62 15.3212 81
10 99 0.0610515 1442
76 89 0.504015 1118
20 10 12.2565 33
82 3 2.19288 442
9 66 2.7936 38
87 42 17.29 6
95 34 5.15875 3
42 39 1.44518 900
11 90 1.415 284
75 93 9.46401 20
29 82 7.06836 82
63 2 10.4601 65
64 43 1.31727 78
90 40 0.0510225 1912
98 21 1.39945 1067
5 15 1.17405 46
34 10 2.3675 578
10 31 0.35553 1349
99 82 7.21895 47
97 7 8.62847 125
71 59 3.25501 25
39 35 0.1181 1769
94 37 1.47419 62
15 26 4.70894 77
88 63 0.040563 1104
54 83 0.0452433 509
4 29 0.186098 103
19 74 5.1091 15
53 33 0.0717565 242
50 42 1.01454 344
48 32 0.651785 3112
13 29 0.0362522 526
0 10 3.44201 421
42 29 0.0853904 900
74 48 3.88703 528
21 22 0.0703416 2287
28 98 0.575212 2786
23 0 0.238406 1306
90 8 0.697791 1456
29 86 15.0723 101
73 40 0.509761 163
5 59 3.44534 85
71 16 2.76547 65
13 32 0.604208 2933
34 63 0.122617 319
73 65 8.36383 163
5 87 0.748365 27
70 12 0.732525 64
16 59 1.26528 143
26 1 0.923396 235
3 24 1.35927 28
94 23 14.5187 17
99 22 1.4426 81
35 26 2.41429 29
79 8 0.50907 976
21 94 0.0508762 152
82 88 2.7691 201
22 93 17.8575 64
16 29 0.460002 8
95 30 7.71545 121
25 98 0.992116 477
2 8 1.58492 8
32 91 1.28069 430
34 31 0.858744 36
63 52 1.3075 35
39 90 1.09347 670
60 7 28.4419 3
27 49 2.30184 59
84 7 21.8944 18
42 77 0.605689 922
78 74 8.69416 23
21 55 0.055222 1099
33 81 6.0181 54
22 32 11.4066 150
15 77 7.0985 85
6 0 0.160783 345
9 72 15.6453 3
10 7 1.28917 727
32 83 0.0330998 787
70 58 11.3966 30
78 90 23.4167 60
58 89 1.06203 1110
92 2 0.259397 1199
83 46 1.4547 67
0 79 6.46843 185
14 4 3.51886 89
26 32 3.47899 461
37 99 0.579123 147
58 65 1.43426 209
48 17 0.0217059 603
96 76 3.05702 569
60 45 0.88587 53
38 37 0.054669 1702
58 66 0.260445 516
23 28 1.59076 781
96 59 0.322947 619
55 83 0.52256 13
99 24 20.0157 3
4 11 2.48329 176
76 84 0.040253 2293
57 52 0.866334 6
8 82 0.503514 942
95 54 10.7144 105
72 17 0.039703 1063
18 12 0.0591013 978
94 98 12.697 17
90 43 0.0490321 1404
9 65 12.7154 94
8 48 2.20684 867
23 30 0.523871 1901
21 89 0.568814 603
84 70 0.924647 106
74 26 0.639856 312
61 71 1.06503 62
90 36 0.413665 936
26 3 3.20511 218
90 80 1.04433 2036
75 10 4.79634 255
22 59 1.60877 9
22 16 1.39029 155
0 28 5.88278 0
98 16 0.127879 354
63 66 3.77299 37
5 37 1.9711 13
63 62 26.4079 41
74 44 0.155792 503
48 76 0.840814 2726
55 91 19.6726 77
83 20 1.87473 13
90 64 0.0405249 765
71 37 2.34728 5
11 92 2.17157 325
1 85 1.9314 283
63 36 8.82313 25
85 18 1.16542 470
62 32 0.699784 559
49 54 7.13243 119
69 99 0.0303629 2864
48 78 0.025867 771
61 68 28.2495 37
11 31 0.438357 756
93 31 0.199175 1364
16 18 4.74183 145
51 33 2.12318 70
95 52 0.939003 90
27 71 0.784916 74
15 95 1.15939 15
5 36 10.2421 52
44 22 1.28798 52
74 78 0.0948918 773
9 33 1.45959 56
74 95 0.156178 557
20 75 2.56259 137
98 17 0.044563 870
27 46 1.21919 30
0 85 1.94282 222
75 51 0.225032 356
26 17 0.132228 418
91 95 0.0538482 189
41 32 1.93609 21
55 27 0.727356 24
89 95 0.0978303 1313
84 86 13.6622 7
43 1 4.46512 6
27 2 10.0025 14
93 98 0.54197 3406
32 11 0.747797 564
23 39 0.849736 527
1 30 1.86788 154
46 45 0.654646 25
67 38 1.68541 1407
55 89 10.3225 12
60 61 0.952147 67
99 56 6.33576 24
17 73 2.86577 16
53 60 0.032455 454
45 35 3.01159 31
38 11 0.410818 2830
78 21 25.8098 73
