10 50 1000
7 4 7.12485 23
2 8 1.57027 40
2 8 1.57012 109
9 5 0.24585 714
6 2 3.63068 58
6 7 0.609199 13
0 6 0.453785 30
1 7 1.10095 55
5 7 0.569076 176
1 5 2.11094 23
4 6 0.213107 726
8 1 0.0873758 1181
2 4 1.18259 283
7 2 5.79043 43
9 6 0.200857 467
7 8 8.77658 23
3 5 1.28594 44
3 7 0.677732 64
2 1 0.122909 134
7 4 6.94487 110
1 3 1.61793 32
1 7 1.22058 90
6 7 0.599084 131
1 7 1.17712 44
2 3 0.221468 357
6 1 0.520674 45
0 9 2.07357 352
8 0 0.330392 399
7 4 7.506 96
7 8 9.36263 13
1 5 1.98513 52
7 1 0.856889 116
3 6 1.21632 162
1 8 11.0814 59
4 6 0.199451 626
0 1 0.261662 260
5 0 1.8027 65
0 6 0.468566 190
2 8 1.43277 383
3 9 5.03415 145
0 1 0.230142 359
9 5 0.250242 508
0 7 0.300939 295
8 6 0.164004 1103
9 1 0.112451 714
3 0 2.25514 6
9 3 0.189307 603
6 8 5.98554 4
6 0 2.03888 159
4 5 0.242592 420
