20 100 1000
10 5 0.264151 2021
11 8 1.12341 12
3 18 0.234437 49
3 6 1.99367 98
3 2 0.497249 64
15 18 0.714081 29
4 0 0.0765325 852
15 16 1.31904 28
16 0 4.55277 45
19 11 0.0851837 50
10 8 0.00414081 3094
2 6 4.06976 16
18 2 2.20012 22
5 9 0.0264366 646
7 15 0.212092 36
7 18 0.158031 108
6 17 13.6216 76
6 9 0.0977813 75
15 18 0.705522 18
9 13 156.372 10
0 16 0.232994 17
19 4 14.9561 69
16 11 0.25903 29
9 6 9.30188 7
6 17 13.9826 101
0 19 0.719349 168
4 7 0.0557231 873
13 1 0.00332178 1158
9 1 0.557822 6
15 12 1.09436 24
10 14 0.0115591 1327
6 9 0.095727 134
9 15 1.27771 10
18 5 37.0772 9
6 11 0.0498773 145
5 1 0.0132851 482
6 1 0.0503182 33
7 12 0.237149 124
8 16 2.86136 14
5 12 0.0425387 227
2 12 0.63016 4
0 6 1.07034 85
15 0 5.84545 2
3 11 0.117819 39
14 9 0.572671 17
4 14 0.0150966 1118
16 3 2.37136 40
9 18 1.05499 20
6 4 10.2785 24
9 16 1.87054 13
3 9 0.210795 2
10 17 1.00558 395
5 12 0.0382393 264
2 11 0.219003 44
15 0 6.05503 18
15 18 0.739375 20
14 15 0.79265 10
14 9 0.609815 34
19 3 0.729217 101
0 9 0.122362 127
2 4 45.0118 50
13 2 0.0147965 1530
11 4 178.277 6
9 4 94.2907 9
12 2 1.34978 27
10 18 0.00696784 2282
2 13 66.7535 12
1 0 14.7088 5
0 5 4.53096 140
5 13 3.83413 223
5 17 3.47168 208
3 14 0.329482 7
16 18 0.499936 43
8 19 10.1072 13
0 16 0.223346 98
19 17 21.2591 96
17 12 0.011143 601
5 17 3.39778 798
1 3 8.79069 2
8 10 230.28 8
13 18 0.00674928 612
1 11 0.930164 4
0 14 0.196803 3
1 4 193.019 8
18 10 129.913 12
3 12 0.355289 15
0 9 0.118327 168
11 18 2.07231 10
15 19 4.83039 11
6 3 0.430945 22
18 7 6.04746 20
14 4 66.1061 28
6 17 13.0516 81
4 10 1.35365 1131
12 6 6.01673 37
10 9 0.00620044 2424
12 5 23.5301 19
2 6 4.27203 40
9 7 5.88159 10
13 6 0.0572756 3475
