20 200 1000
9 3 0.0895989 895
14 19 0.32555 1672
17 19 0.578023 601
11 8 8.89222 1522
13 14 0.285962 7535
1 9 1.42554 5866
10 15 6.07751 1409
7 10 0.352706 1210
10 14 0.648811 2692
10 4 5.75121 3135
6 13 9.3938 611
16 18 0.941223 151
7 0 0.546604 2393
7 19 0.0877522 8812
10 18 0.339379 793
2 12 0.477139 255
3 18 0.55925 353
17 14 1.78516 969
4 15 0.976085 3445
19 13 8.98914 713
16 17 0.927319 577
16 7 6.21048 1282
7 14 0.24722 3381
10 1 4.22657 331
17 7 6.62947 566
6 13 8.82418 156
18 14 1.86347 690
13 0 0.5722 5924
0 8 3.06444 3800
14 0 1.94354 1836
14 1 5.77862 995
0 16 0.265136 505
0 17 0.235715 4407
12 5 8.50895 224
0 4 3.78159 2005
1 10 0.21966 2995
1 8 1.09572 10547
1 4 1.24963 8808
6 11 2.20721 379
10 5 2.42106 874
12 4 20.7339 24
13 0 0.582957 871
16 9 15.8974 952
14 15 8.5074 1326
19 6 0.916021 710
17 2 1.48618 781
13 19 0.0993001 3104
3 2 0.812076 507
1 2 0.13273 8843
17 18 0.876215 248
8 16 0.0751348 5243
17 5 6.44932 709
19 17 1.50976 551
18 2 1.52909 56
12 10 3.29502 485
15 3 0.0990625 1306
6 19 0.898223 592
14 18 0.470564 2045
7 8 1.66184 7832
13 4 2.49187 5742
1 3 0.135333 13170
0 17 0.249056 748
2 9 11.8845 136
3 8 7.13167 1641
17 16 0.961084 440
5 8 1.77663 330
17 1 10.7066 346
10 19 0.231336 1730
7 18 0.13467 4616
12 7 8.97669 14
1 17 0.079881 7042
10 16 0.38084 2981
11 5 4.43352 383
1 8 1.089 14050
16 9 17.1297 590
3 4 8.55753 1029
4 14 0.118953 19854
9 7 0.364894 14348
0 13 1.49661 1410
2 11 0.946952 347
12 4 19.7445 112
4 12 0.046849 7838
7 17 0.137503 6711
13 6 0.104908 3625
16 4 14.0315 1065
7 9 2.42821 3372
17 7 6.34636 107
18 10 2.73389 1241
4 5 0.43194 10231
9 5 0.376187 10731
18 1 11.1197 947
4 11 0.0922659 3684
18 15 16.7778 333
12 0 5.16484 659
7 16 0.13459 2047
16 14 1.80482 670
14 19 0.318262 748
18 15 15.6476 687
8 16 0.0781888 4231
11 7 4.82056 1213
17 2 1.49447 397
15 1 0.664168 6624
14 18 0.470973 2318
9 5 0.355946 11495
15 9 1.10201 8948
14 9 9.75231 2032
18 5 6.41942 308
16 15 16.0889 1143
13 9 2.87776 2715
7 1 1.62543 1233
19 1 16.5294 71
16 14 1.66887 1252
18 0 3.76953 353
1 5 0.592845 3693
1 12 0.0634851 6685
16 13 5.59323 283
6 5 10.2072 282
8 17 0.0739388 14586
16 17 0.979204 425
12 18 1.24974 156
12 11 1.7606 667
3 2 0.885077 2026
3 4 8.57608 608
0 19 0.165613 2569
19 13 8.56941 353
9 4 0.810729 7318
7 12 0.103185 4829
4 9 1.09608 7030
7 15 2.14231 1093
7 4 2.12592 4646
2 0 2.45049 625
19 6 0.963179 731
3 14 0.97886 1099
7 11 0.195829 2728
3 19 0.351671 2075
16 4 14.314 39
6 10 3.99514 519
10 14 0.693291 1248
12 13 8.15966 479
0 19 0.162604 3608
2 12 0.480408 401
10 17 0.363132 906
16 1 10.7135 1233
5 13 0.845513 4310
12 19 0.816145 618
3 6 0.35508 1892
9 0 0.215141 1245
15 17 0.0579344 15671
6 15 23.0034 208
4 11 0.0878804 6952
11 0 2.45349 1186
5 11 0.188937 6431
6 17 1.50576 425
17 10 2.4283 1098
7 1 1.62979 8233
10 7 2.50477 387
19 10 4.08387 497
12 3 2.14437 362
1 10 0.235108 8948
12 16 1.3346 597
19 6 0.923563 292
10 0 1.30929 3182
19 15 24.6511 830
14 0 2.07359 2167
3 8 7.39157 1051
16 8 11.6431 600
1 7 0.605882 234
14 1 6.23798 1347
1 18 0.0799403 9328
9 16 0.0525016 13073
12 7 8.87549 800
4 16 0.066248 18764
9 5 0.379884 11841
13 15 2.46179 1828
6 18 1.46181 170
16 15 14.6293 390
12 3 2.16171 181
2 1 7.56491 963
9 4 0.802434 2306
0 3 0.426599 2685
0 16 0.245256 3337
2 4 9.90823 980
10 5 2.41324 1097
17 19 0.637306 450
19 8 18.1487 387
0 12 0.170227 1721
3 8 6.81265 424
2 11 0.941243 1403
4 18 0.0607449 17092
1 16 0.085942 13409
16 11 1.37569 840
8 11 0.112404 8020
13 16 0.150955 1054
4 1 0.712655 1470
6 11 2.14318 571
16 8 12.3585 1269
15 0 0.230785 17596
1 12 0.0581546 9589
18 5 6.852 571
8 6 0.0500096 10239
