50 200 1000
25 39 1.04422 1698
12 3 0.513249 2370
7 12 1.00003 4673
15 25 14.0972 11
3 23 0.722964 431
29 36 9.64013 276
3 21 2.95124 1945
21 41 0.581176 4032
46 14 1.47119 101
16 12 1.14896 2774
48 14 0.0251026 134
45 26 0.0529596 1823
35 7 1.42153 3766
4 7 51.6765 100
2 29 3.81101 27
42 4 0.01577 4364
15 23 14.1888 39
14 10 10.6103 160
46 45 13.0608 98
11 16 2.39871 1111
46 39 39.4077 69
12 20 0.748946 145
22 1 1.98786 182
42 46 0.0142551 2167
27 41 30.8287 231
8 38 38.2537 29
21 28 0.0362694 4839
0 14 0.161575 1115
3 13 3.50124 300
12 46 0.0164667 3953
5 36 12.5564 463
43 44 0.764552 178
10 8 0.0697635 1796
44 19 1.27059 201
44 15 0.638705 55
29 48 12.8353 180
7 3 0.36785 7557
12 9 1.25361 5022
34 14 0.0438164 897
6 22 23.3678 67
5 33 0.442609 442
25 34 1.54363 900
41 20 0.705431 7067
8 20 20.588 84
38 0 0.139645 3967
45 0 0.659687 1322
23 17 0.833128 1416
19 30 15.61 58
42 36 0.587079 1637
9 4 0.0138832 5286
35 15 0.0296248 3633
2 10 16.044 118
34 46 0.0217842 1550
49 33 0.0829545 1133
24 30 0.539595 5380
2 8 1.66959 59
9 34 0.352331 2645
24 15 0.0278214 4093
24 33 0.0280794 2751
40 24 0.495618 9891
46 42 50.1956 22
8 45 9.44263 12
20 32 2.03416 3384
14 3 11.6474 19
40 46 0.00969113 3532
20 41 1.34644 4785
14 28 1.29421 79
26 40 90.7222 43
13 19 0.037487 6993
18 17 0.262396 1219
37 41 61.341 87
41 33 0.0247912 2263
49 18 2.28475 268
19 4 0.548973 62
42 45 0.203227 1049
30 38 2.07537 3094
23 36 3.34797 128
48 28 0.0514844 316
34 49 0.821699 4563
1 13 0.813178 1703
4 11 13.271 180
40 3 0.228107 3506
44 8 0.965204 7
42 25 0.470618 1201
27 13 46.2508 87
34 16 1.33101 1111
3 33 0.0669814 596
42 47 0.020352 1797
29 8 0.326968 323
35 20 0.949675 2221
17 33 0.130325 891
8 43 1.09938 195
33 27 0.978607 155
8 40 58.6185 109
25 9 2.72834 655
22 40 2.36066 353
15 43 1.50616 117
35 38 1.45081 5027
7 32 1.33417 4877
2 45 10.3023 83
43 41 25.8634 208
9 33 0.0253027 11665
32 49 0.24897 141
48 10 0.330392 31
8 21 35.2713 157
8 37 0.502055 111
10 49 1.2733 1527
21 45 0.219115 5352
4 35 23.6101 85
13 5 0.0605135 1597
17 25 1.63348 359
48 46 0.0130401 2221
8 1 53.6917 80
7 12 0.679354 3400
1 35 0.393436 3046
10 13 4.24391 1927
27 36 24.8762 202
23 19 0.143116 21
49 8 0.0433624 513
16 37 0.0210238 6287
17 20 1.74329 743
4 14 1.44398 6
1 21 0.665836 4812
18 11 0.312376 7277
27 42 27.7 145
34 16 1.33884 3983
17 3 1.25436 426
21 30 0.507402 3051
34 42 1.29939 1465
34 35 0.982116 3057
46 6 1.61668 34
49 27 0.0570806 3278
33 7 33.9782 236
3 12 2.01321 2453
23 12 2.81442 1171
47 5 2.65732 112
41 33 0.0345396 5767
31 49 10.5669 279
41 18 0.876476 4183
5 39 5.92008 356
22 40 2.25962 478
14 20 19.9562 234
29 11 4.61866 113
3 7 2.51783 506
42 12 1.0768 6922
48 18 1.19414 4459
7 21 0.939445 9050
6 33 1.05842 119
19 23 6.51546 33
40 14 0.0215138 7758
13 10 0.229574 7677
15 7 56.3377 91
11 19 0.139056 492
9 20 0.364911 2452
28 39 10.7281 156
10 16 2.94594 1008
9 2 0.00889766 5050
41 18 0.954259 7562
8 34 26.5357 203
7 30 0.592005 5593
43 38 41.7596 142
47 29 2.01783 72
39 5 0.0951722 1020
44 23 12.5677 72
41 27 0.0326654 3624
37 14 1.29692 35
24 40 1.55502 6157
2 43 1.55201 84
0 29 0.471273 1165
18 37 0.0178848 4655
16 32 1.30067 1962
30 27 0.0588802 591
8 15 0.93203 116
47 15 0.730423 88
6 2 0.405153 42
39 27 0.0429173 96
39 20 0.748805 4421
27 37 0.382003 223
49 3 0.76939 697
32 30 0.509764 9475
17 49 1.56826 441
24 25 0.544165 1811
3 32 3.36144 2048
23 42 3.5446 1019
2 41 63.3674 25
47 45 8.81082 161
22 26 0.0252913 2385
49 46 0.0261611 789
25 12 2.4908 2595
3 16 2.11991 3017
46 48 41.3554 125
23 30 2.37095 939
40 18 0.599946 2098
3 2 0.0310059 1417
30 13 2.24978 4318
33 0 3.2237 118
32 7 0.801507 5057
34 38 1.92412 4560
28 1 33.0439 126
40 43 0.0236592 5560
