50 500 1000
0 33 0.949779 325
15 38 1.03483 86
29 0 0.973111 233
47 16 1.03717 416
24 12 0.993448 264
17 45 0.968297 69
3 36 0.99703 499
42 5 1.00451 70
32 29 0.94434 380
13 11 0.97486 347
0 15 0.943851 297
36 48 0.944685 406
39 44 1.04957 473
24 16 1.00545 397
38 21 0.951033 222
17 11 0.989712 304
13 30 0.939135 283
16 11 0.960978 496
0 24 1.0432 449
11 7 1.04656 235
35 16 1.0299 108
6 29 1.00835 391
25 7 0.923154 2
5 40 1.04221 301
9 24 0.936744 259
37 12 1.04046 470
12 26 0.919948 433
42 6 1.04281 371
29 3 0.960858 54
45 34 0.917829 229
45 12 0.971743 38
34 48 0.986264 417
20 36 1.04583 189
43 40 1.00707 471
4 3 0.980041 124
29 22 1.00029 398
19 5 1.033 197
27 35 1.0063 409
31 28 0.926716 183
42 4 0.992104 177
29 26 0.971132 360
12 19 0.939044 50
11 9 1.04016 285
10 39 1.02963 134
18 14 1.04444 40
27 22 1.00532 90
12 47 1.03597 240
15 36 0.968895 215
40 9 0.983285 207
11 47 1.03298 486
1 28 1.02263 201
42 26 0.948188 351
40 34 0.913109 318
17 2 1.03033 248
3 12 0.992409 232
28 8 0.979461 63
32 6 1.02806 56
25 38 1.03005 53
14 11 1.02064 4
39 32 1.03948 154
29 27 0.995289 88
31 16 0.975432 379
35 30 0.913491 203
6 29 0.902884 414
0 28 1.04739 106
7 2 0.90234 25
31 21 1.02622 348
11 27 0.936686 25
37 41 0.970147 404
42 36 0.93337 147
27 8 0.993914 93
18 44 0.902409 337
40 33 1.01624 140
2 45 0.90305 159
27 17 0.954853 80
41 37 0.908955 325
10 41 0.902254 317
47 23 0.933046 461
26 31 0.904199 78
37 38 0.988924 302
8 7 0.955108 261
28 29 0.995067 127
34 26 0.934596 225
49 11 0.94332 16
43 16 0.920843 498
36 47 0.935876 391
47 28 1.01346 58
0 1 1.00464 252
8 47 0.933409 134
9 10 0.978311 36
21 39 1.04357 389
26 29 0.935935 221
46 44 0.952602 285
24 1 0.99663 336
41 28 0.950439 464
26 35 1.02914 114
37 15 1.03525 267
39 24 0.902372 123
46 10 0.937595 56
22 29 0.986976 151
12 24 0.940456 106
39 27 0.998564 331
34 19 1.03342 28
49 11 0.973631 336
43 19 0.970932 451
34 32 0.965134 481
27 39 0.93541 259
40 37 0.995636 494
27 2 0.911417 360
19 11 1.01909 65
2 29 0.944915 80
19 7 0.968995 180
44 34 0.925315 92
21 6 1.02306 374
48 10 0.949909 388
18 47 0.936455 244
48 12 0.968937 121
39 22 0.915738 395
8 3 0.918223 60
17 41 0.975983 191
39 12 0.923725 428
25 47 1.0366 231
12 24 0.901655 413
28 10 0.929928 379
40 44 0.991138 0
11 0 0.921811 102
39 4 0.938666 323
39 12 0.991329 252
9 18 0.981897 488
5 46 1.00144 322
43 9 1.04603 167
13 25 0.901274 492
11 34 1.04002 358
7 13 0.908253 115
14 20 0.980531 439
35 10 0.990253 192
31 39 0.998143 83
5 1 0.973227 372
11 12 0.911283 324
43 2 1.02277 314
25 6 0.918685 172
18 25 1.00666 254
30 43 0.976605 148
27 7 0.999 426
10 38 1.01056 421
38 22 0.913516 476
7 6 0.968672 366
12 13 0.936732 237
8 4 1.0224 487
11 14 0.978573 409
11 38 0.99766 181
29 9 0.985017 103
0 32 1.02371 469
48 22 0.929351 216
34 37 0.961026 133
16 7 1.01622 145
20 27 1.03298 123
37 23 1.04611 290
22 47 0.938028 399
47 30 0.969825 339
21 8 0.902939 394
11 16 0.941722 213
27 0 1.01132 497
12 24 1.04616 69
11 2 0.904285 133
28 4 1.0355 69
45 28 1.03871 252
34 12 0.969202 232
6 47 1.03288 424
14 24 1.03924 305
18 38 0.906418 184
25 14 0.98719 498
26 21 1.00085 213
44 43 0.966878 445
42 4 1.03477 425
23 46 0.991391 24
11 12 0.905093 134
29 43 0.944857 425
42 30 0.989247 424
17 16 0.969349 350
37 39 0.907423 305
34 29 1.01049 323
10 6 0.995981 164
29 2 0.976481 316
29 23 0.947197 306
5 1 0.997125 8
39 41 0.930672 359
0 29 0.988121 62
27 11 0.997364 270
20 42 1.01132 294
34 29 0.965695 451
41 22 0.973504 357
48 49 0.939439 428
36 1 1.03146 367
16 46 1.01708 64
22 45 0.992181 184
7 10 1.02156 252
5 41 0.973048 348
41 23 1.01981 191
21 46 0.985472 75
30 46 0.98172 326
34 16 0.953016 72
49 9 1.03564 456
25 4 0.932431 383
49 31 0.926851 292
21 8 1.01499 227
2 23 0.957218 106
32 7 1.02901 410
40 3 1.04009 330
34 28 0.944873 317
28 17 0.971421 464
42 22 1.02385 488
8 49 0.973804 297
21 46 0.99268 224
45 35 0.914976 263
23 1 0.927609 400
36 13 1.03944 309
47 15 0.968285 217
31 26 0.965722 470
1 12 0.902188 2
32 41 0.960972 421
1 39 0.936311 141
38 7 0.95362 6
7 0 1.02559 326
36 33 0.948806 6
28 43 0.976707 38
21 45 1.02439 336
6 47 1.03971 54
4 29 0.927307 308
26 7 0.990638 261
12 17 1.03012 165
18 27 0.952498 40
17 14 1.03608 431
8 31 0.909607 342
10 32 0.988405 310
43 44 1.03315 265
17 37 0.99021 311
20 32 1.04025 348
42 9 0.931685 183
19 11 1.03111 302
13 29 0.991002 91
2 28 0.997331 36
48 40 0.971408 302
28 24 0.989964 347
14 23 0.912074 309
38 18 1.03525 71
24 17 1.00227 23
29 47 0.904237 193
33 29 0.966798 309
12 15 1.04933 102
42 22 0.909627 466
40 35 0.935197 293
17 47 0.985417 489
31 28 0.939498 52
15 25 1.0325 133
24 18 1.04521 118
41 21 0.993064 340
12 44 1.04605 474
37 11 1.02508 197
44 24 0.927079 231
46 0 0.993807 199
38 33 1.02333 152
32 16 0.957623 490
46 47 0.951297 8
29 2 0.999342 454
21 13 1.00763 390
35 26 0.93531 235
2 20 0.952524 459
44 26 0.914242 179
23 38 0.942461 83
21 46 0.943193 128
24 16 1.01392 189
2 15 0.931643 92
6 44 0.917104 473
17 11 1.00706 447
17 14 0.943513 457
15 4 1.01599 297
45 27 1.03392 138
12 9 0.920988 240
24 4 0.921182 401
35 46 0.922011 283
42 27 0.951129 27
29 41 0.943846 174
37 5 0.903306 460
22 27 1.03547 183
6 20 0.987535 8
47 11 0.972907 489
15 3 0.96607 250
40 1 0.931053 170
11 16 0.943131 314
42 28 0.969868 411
5 19 0.946689 313
35 24 0.913271 494
27 21 1.00715 485
7 14 1.01675 138
18 25 0.947833 15
48 5 1.00155 259
3 20 0.971145 30
44 8 0.978764 138
18 20 0.948375 386
15 11 0.988044 360
6 36 1.01095 340
45 19 0.956443 338
36 8 1.00183 245
25 35 0.908966 142
31 45 0.981335 199
48 21 0.938966 182
38 3 1.00484 209
45 0 1.04837 266
48 34 0.998604 406
5 44 0.924827 269
2 18 0.960778 184
23 7 1.00104 375
8 32 1.00583 294
38 14 0.985073 473
17 33 0.96656 380
49 28 0.943428 213
7 44 0.985618 241
44 12 1.0401 335
42 26 0.902936 266
12 15 0.989562 111
6 33 0.911532 24
24 37 0.916623 436
47 32 0.909334 486
24 23 0.923049 405
31 36 0.993558 394
16 19 1.0137 81
26 0 0.92462 418
29 37 0.960544 54
34 23 1.0129 159
13 30 0.943024 365
24 23 0.906246 165
37 45 1.0196 184
42 36 1.04814 460
29 22 1.046 496
26 38 0.913307 342
45 2 1.00792 398
42 16 0.911343 93
2 0 0.996998 354
34 32 0.993046 58
29 36 0.982531 87
45 26 0.948475 326
1 39 1.04359 244
24 33 0.974946 44
42 12 0.954119 29
26 13 0.989132 430
23 38 0.974079 492
22 25 1.02471 295
24 14 0.999583 257
12 11 0.923193 374
9 8 0.923759 341
23 27 0.935254 71
9 45 1.00521 273
43 47 0.920762 98
10 42 0.983339 119
44 25 0.994965 109
47 25 1.00246 296
6 22 0.915375 69
46 44 0.956771 438
26 1 0.918988 487
11 29 0.996887 83
22 1 1.03459 186
6 31 0.99246 37
28 20 1.04954 247
39 22 1.04545 107
22 30 0.952645 271
35 43 0.982588 5
28 39 1.04074 61
1 36 0.941438 76
5 12 0.965992 320
24 2 0.942113 88
34 16 0.981554 250
0 34 0.942888 206
43 48 0.915701 18
46 15 0.927297 360
37 44 1.02887 42
33 15 0.972889 464
48 43 0.935321 186
0 30 1.00423 135
8 48 0.962333 192
30 2 0.997681 1
27 12 0.918172 335
34 12 0.905784 488
5 6 1.02895 67
14 19 0.995415 38
35 10 0.936764 262
35 19 1.00786 131
23 37 0.924827 14
49 4 0.920579 32
18 27 0.940847 15
45 38 1.02891 265
42 16 0.939583 114
4 16 1.0047 350
16 0 0.942961 481
31 40 1.015 91
28 8 0.932421 433
43 20 1.00034 395
23 7 0.958175 213
20 25 0.995004 246
31 45 0.946574 473
1 36 1.04122 93
35 20 1.02127 263
39 27 0.949266 397
27 35 1.01127 368
41 48 0.905772 204
48 11 0.939511 89
47 40 0.951509 96
26 39 0.903196 55
21 6 1.02544 78
8 23 0.963527 30
43 31 1.02235 191
27 38 0.995137 251
45 29 0.956643 419
49 18 1.01974 100
35 16 1.02477 230
18 34 0.995276 328
19 16 0.97868 118
32 22 1.04812 388
16 33 0.968358 1
35 22 0.929171 15
0 2 0.967872 206
32 45 0.913209 20
42 9 0.95832 458
35 36 1.02653 140
20 12 0.961338 291
2 23 0.979065 196
1 42 0.933906 388
27 8 1.00226 300
9 28 0.960743 194
38 27 1.01411 233
40 31 0.914619 237
8 39 0.968567 426
9 35 1.04296 302
3 2 1.02444 80
41 13 0.942225 498
22 32 1.00207 342
36 9 0.989305 120
7 11 0.941992 66
16 35 0.995143 172
3 46 0.930195 308
43 13 1.02891 451
18 44 0.943495 158
8 19 0.924466 353
44 28 0.925032 177
46 16 1.00715 237
1 39 0.939206 33
35 40 0.941421 220
11 34 0.982545 370
22 20 0.902328 39
6 48 0.918478 473
11 25 0.97549 478
30 14 1.04599 351
44 24 1.00831 436
5 19 0.978767 426
28 10 0.982281 313
27 37 0.954699 116
25 18 0.94061 319
26 41 0.92146 151
34 42 0.983933 222
0 8 0.97988 226
38 24 1.04515 1
39 2 0.918754 414
31 45 0.951774 292
14 41 0.986041 15
26 33 0.994632 377
35 46 0.964622 467
44 24 1.01797 379
23 17 1.02419 275
21 26 1.03947 227
15 43 0.911988 314
12 40 0.982465 457
7 32 0.903599 147
46 23 0.94441 219
37 21 0.942722 422
23 0 0.969409 120
36 35 1.00546 250
27 34 0.976836 70
2 19 1.04637 128
4 33 1.00412 68
29 6 1.02041 216
9 44 1.02187 121
8 3 0.98526 177
5 28 1.03873 376
15 36 0.939478 96
32 47 1.0248 455
27 39 0.989447 73
3 10 1.02944 443
9 5 0.987962 441
16 3 0.974425 390
31 45 0.932048 345
35 8 0.960667 68
41 27 0.90633 300
14 39 1.04078 492
18 17 0.991269 348
17 2 0.928629 392
45 36 0.92329 171
11 2 0.942975 231
26 5 0.96848 285
7 3 1.02392 64
42 5 0.946744 479
