100 500 1000
90 66 17.9538 233
16 80 17.629 260
47 56 34.9366 120
50 34 2.7559 223
75 3 0.0496881 2230
12 40 1.71032 274
20 47 0.461498 466
84 34 0.545419 1769
24 68 0.118718 6787
87 0 1.49797 649
63 25 1.0761 4589
94 10 1.4094 45
65 40 1.5023 292
48 19 0.281477 6650
93 11 25.031 138
46 20 0.244456 14
67 6 0.0449884 5570
64 10 0.469951 182
68 65 1.06437 544
94 91 1.78108 476
3 41 0.72905 342
21 65 2.87096 71
65 66 6.80837 401
72 12 0.414988 2021
62 58 6.60298 102
28 31 5.39158 616
87 86 0.314008 411
52 90 0.992704 280
5 86 0.544446 323
81 73 0.303162 2075
66 65 0.135104 3816
74 85 1.12886 251
59 26 0.0754428 5344
84 48 2.5182 908
94 3 0.91116 279
50 75 12.7957 536
20 88 12.9523 492
57 55 0.190328 1598
4 57 1.35768 2321
80 50 0.0777723 550
64 4 2.15742 913
92 91 0.122224 3002
27 75 0.997985 5474
25 31 0.625283 2322
93 75 24.5308 33
65 32 8.1504 51
58 33 1.24862 100
56 16 0.0547889 4559
25 10 0.0960506 1445
49 44 29.5422 31
70 20 0.179844 2314
49 70 12.4301 77
20 78 15.7463 35
44 49 0.0307973 199
71 52 0.0578491 3156
53 18 0.81693 2990
15 7 13.6758 240
93 20 1.73423 44
83 44 15.7192 141
62 80 21.4025 21
81 30 0.150551 195
37 35 0.0350218 8330
31 50 0.140574 535
27 69 0.934234 3713
58 17 0.404816 2170
30 78 16.3076 351
81 77 0.174395 3720
69 28 0.131026 5983
56 89 0.820398 3596
90 96 0.782696 274
22 25 11.6876 167
43 66 1.05373 2322
44 43 0.878794 7086
10 5 0.708058 15
46 51 1.36009 905
24 37 0.99512 2016
54 94 0.0628239 3068
72 12 0.368166 922
92 46 0.278494 6283
55 77 0.818994 634
0 36 0.752638 852
31 21 0.087577 3141
42 90 0.671107 366
86 43 19.6548 237
67 63 1.01502 6331
91 90 0.443765 755
9 82 14.4814 275
17 39 0.573122 208
63 59 0.969815 4410
64 83 0.32536 488
83 66 14.3308 164
73 15 0.400779 1052
24 96 0.0303667 1678
62 55 1.84995 225
45 0 0.78858 65
23 46 0.300956 2285
52 35 0.77079 179
32 22 0.0886725 5330
11 33 0.402711 6040
42 46 3.18352 207
24 85 0.0622695 6685
62 69 19.4179 147
78 54 1.00116 3265
96 45 7.05705 193
53 39 0.10914 3036
21 32 20.226 168
57 97 0.785258 3379
68 93 0.401587 901
19 82 4.19146 800
1 46 0.272274 1909
28 15 0.414535 241
70 69 2.13021 1745
30 63 13.8065 387
35 47 0.965529 276
70 12 0.26886 23
33 58 0.74061 468
93 56 24.7323 160
87 65 1.0206 908
31 28 0.213447 3868
49 2 1.38525 36
69 91 0.110208 7143
34 92 4.64328 1408
62 31 12.4005 54
13 33 11.1539 150
94 95 15.0811 428
15 44 17.6544 277
85 55 1.45131 130
79 68 1.38581 583
50 36 1.69568 263
85 66 14.4545 140
40 99 4.56081 510
92 36 0.172713 3242
0 26 0.389402 972
26 46 3.32989 423
99 73 0.148876 131
4 46 0.610747 990
20 44 14.3755 385
64 54 5.38277 1498
30 55 1.37207 484
17 32 8.01244 843
75 18 0.520755 1957
68 27 9.22653 669
29 54 14.8471 360
29 86 0.537007 150
61 65 3.098 277
56 14 0.0361676 7266
17 9 0.505706 1001
65 39 0.488964 282
73 13 0.268312 933
56 9 0.0562529 1373
61 22 2.12206 221
16 53 10.6516 438
44 81 0.50507 864
65 35 0.268915 384
69 55 0.0964629 912
29 37 14.4671 176
57 46 0.452382 2061
3 84 7.20268 313
60 35 0.301414 226
87 91 0.982524 370
52 94 1.17093 259
43 60 0.166625 970
10 50 1.06717 386
95 96 0.0357893 7020
9 93 0.66547 181
43 54 1.36401 2063
54 5 0.0658654 7838
47 73 4.17855 20
88 68 0.143969 3057
81 0 0.41401 247
62 97 7.48361 148
77 38 0.431649 169
71 91 0.130556 2996
29 74 0.793465 53
44 4 0.40648 1118
6 88 21.8805 228
73 51 2.13379 612
15 84 7.4052 49
61 51 7.65495 9
99 22 0.0811271 2083
21 98 1.23633 302
30 0 2.67114 506
93 70 9.93851 41
85 48 15.3297 221
13 92 25.6791 56
21 58 6.46411 108
25 34 0.246236 3803
90 59 19.9773 220
48 89 0.840354 4773
37 85 0.0645417 3228
42 68 1.55109 556
77 3 0.68325 367
7 18 0.868889 5042
84 45 0.762369 140
29 48 13.362 576
94 26 1.12761 153
32 65 0.135349 3641
17 82 8.7925 840
28 84 2.96191 417
34 73 0.708392 252
73 38 0.252915 1008
25 99 1.03599 3115
1 86 0.0408215 6816
81 15 0.128184 585
0 95 4.41433 1213
44 27 0.91817 7467
97 80 2.76562 1305
61 35 0.925957 300
70 55 0.211301 3179
2 9 1.32956 175
94 70 7.06308 294
88 90 0.0548996 3710
21 74 1.11464 154
20 15 0.929907 132
9 38 0.54383 80
88 82 1.38427 4694
8 73 0.157181 6509
88 40 0.237745 5687
71 15 0.0621928 6024
5 83 0.966132 520
95 28 0.123624 3582
76 94 0.892851 496
66 2 0.0522496 488
42 66 11.7171 215
89 90 0.0633953 5915
99 16 0.0664083 4401
28 95 7.45826 456
36 59 5.28943 458
10 31 7.37187 629
6 2 1.23347 107
74 55 1.67293 278
41 38 0.845585 50
90 54 21.2233 125
73 56 7.71266 149
29 36 2.03365 188
15 14 0.654699 43
37 42 0.0800444 5742
62 50 1.77524 13
5 50 1.3279 519
66 29 0.0861892 3830
43 31 0.723358 1356
38 1 27.5034 244
84 42 0.21845 757
83 98 1.08933 205
76 47 0.465687 261
48 75 1.01325 6657
42 13 0.469043 80
50 59 11.1953 454
21 64 4.11155 281
26 67 11.934 61
47 73 3.70958 56
35 49 0.901404 292
39 30 1.11074 345
11 48 0.988657 4420
8 65 0.14857 2325
61 25 25.0849 73
55 76 0.825612 277
38 98 2.01948 198
14 2 1.11407 36
9 43 12.836 350
12 51 3.28082 385
20 33 5.90528 345
77 49 0.414909 85
72 48 3.27558 785
1 98 0.0722882 7023
62 44 21.3633 6
75 80 0.942241 3055
86 45 6.91412 250
11 10 0.0932774 6290
30 81 6.37064 274
13 78 28.6938 203
98 78 15.3233 293
33 31 1.50624 216
5 92 14.5783 414
82 9 0.05957 2592
74 63 15.0447 198
92 89 0.864937 4053
88 9 0.083875 3451
0 62 0.24572 774
96 12 3.10326 137
48 16 0.0594162 5674
19 73 0.596264 1002
31 33 0.716002 2774
2 45 5.4448 146
49 19 6.66532 84
13 52 1.37978 37
92 3 0.0603058 5462
52 54 17.8966 193
76 44 13.7923 324
49 13 1.14296 202
85 6 0.566951 60
75 4 0.404008 3286
29 63 11.7081 40
16 91 1.80819 212
6 82 27.9502 80
40 88 4.38462 1295
3 15 1.16845 40
83 58 5.05755 190
74 45 4.08046 22
49 77 2.30161 174
85 87 1.8151 160
98 90 0.819979 359
43 96 0.0434513 3911
6 83 1.5054 231
35 84 11.2 278
68 54 9.39008 894
10 86 0.479579 260
77 6 0.459184 579
94 11 14.6103 216
88 95 1.15459 586
36 76 0.46595 52
91 94 0.491171 12
11 94 0.0623449 4819
4 79 0.186881 897
31 81 0.784307 3640
40 25 4.53768 465
63 48 0.982518 2357
22 16 0.801061 199
26 77 1.08169 266
28 56 8.5609 710
56 55 0.0866876 1382
69 30 0.0720909 3087
26 17 1.78077 195
39 9 1.02422 525
3 6 0.690718 172
36 14 0.239325 759
36 1 5.29323 1235
92 2 0.0462847 1116
9 62 0.664379 156
8 32 1.09129 6620
71 30 0.0782277 3015
70 82 2.40899 2522
25 58 0.372748 945
29 16 0.81182 437
50 88 9.49204 420
17 53 4.94977 849
36 83 0.395457 883
0 29 0.387499 1539
13 69 24.8222 117
50 48 10.9152 299
50 2 0.544095 542
93 16 1.52171 43
14 20 1.55859 31
12 16 0.546286 354
3 28 2.39038 280
99 58 0.333515 1586
51 55 0.266715 1835
53 68 0.164757 3882
29 20 0.869336 375
78 25 0.918299 4290
37 71 0.770697 4312
4 29 0.162691 1572
30 29 1.13238 575
29 98 0.94125 53
78 80 0.937005 6428
21 62 0.849039 226
58 2 0.15854 1907
92 69 1.11162 7154
17 35 0.284971 605
74 6 0.609364 243
80 38 0.0287902 320
62 11 19.8687 312
39 40 2.40705 373
33 78 2.59915 2685
0 33 2.29534 1207
0 99 4.704 1389
58 91 0.350066 1194
76 86 0.5135 367
92 21 0.0512613 1147
24 3 0.0540013 544
80 1 0.877364 6062
26 85 0.904484 412
45 37 3.5994 1916
86 4 10.8216 259
42 17 1.58872 441
21 1 18.0363 178
48 10 0.0858398 4127
38 77 2.24881 81
95 28 0.124492 4191
71 67 0.979497 2972
43 92 1.22674 2436
30 73 1.81649 561
84 17 0.362048 2313
68 60 1.19709 27
18 43 1.3387 1418
36 16 0.359039 1051
52 79 1.59166 224
21 66 16.1175 46
1 87 0.142071 2323
16 59 15.6333 484
70 91 0.298819 1107
78 26 0.0663782 5177
13 51 8.82819 134
77 72 2.94973 54
65 2 0.350162 123
79 22 1.01548 71
3 83 1.02218 219
24 45 0.25252 2209
43 25 1.03454 4390
29 12 1.34203 202
77 23 11.2811 592
6 25 23.0025 175
39 4 5.98798 447
45 49 0.127303 1336
49 41 1.1658 238
48 24 1.04503 7125
85 79 1.23295 462
19 56 4.14976 584
81 11 2.07916 1369
8 9 0.0684963 6119
86 27 24.8944 56
41 7 17.9345 66
5 27 15.8139 22
49 92 25.894 167
57 87 0.25379 639
49 26 2.22767 7
92 99 0.971945 2413
93 32 22.597 316
72 17 0.502908 608
90 40 4.08681 215
44 93 0.0399288 3322
35 21 1.20399 47
8 27 1.13758 25
30 11 12.5734 472
18 26 0.122658 2580
38 25 26.7791 250
9 50 1.2963 413
99 5 0.0667053 951
17 66 6.91683 813
40 28 0.623564 1112
77 26 0.908286 15
5 98 1.08388 118
55 48 10.5547 144
12 85 0.526252 595
97 88 2.10409 337
66 11 0.983783 1641
65 1 6.64203 262
40 49 0.188755 913
61 91 2.62824 80
7 25 1.29108 5067
43 82 1.21491 3809
51 61 0.110448 1825
48 47 0.0364253 6562
99 16 0.0689042 3162
19 59 3.96038 100
79 42 0.852751 541
7 60 0.184168 3901
66 64 0.227877 3073
91 73 1.35486 48
90 92 19.4497 231
47 76 2.25539 148
65 70 3.3664 619
59 82 1.06845 3521
97 74 0.151833 2974
89 92 1.04991 1743
52 4 8.53819 161
19 27 4.24185 752
99 11 1.08554 2270
77 31 6.93952 112
33 16 0.14748 2610
37 25 0.832488 884
52 56 19.9072 198
6 70 10.9445 16
70 58 0.698188 3036
66 59 1.04781 3925
47 9 2.02436 46
93 81 10.8384 4
71 65 0.14848 5681
67 75 1.17704 1440
96 32 27.1933 54
12 31 5.76808 86
14 8 22.5089 211
92 79 0.0844325 1281
28 10 0.680499 186
50 67 10.4958 124
34 92 4.47252 133
33 64 0.470989 908
83 21 0.908118 342
44 83 0.062413 4718
17 19 1.73738 828
38 3 1.56763 17
16 85 0.928726 469
77 12 1.21248 567
51 76 0.227695 728
3 27 18.3461 190
77 7 8.24896 264
71 29 0.0868206 3654
62 8 20.504 251
47 65 4.08674 30
21 62 0.989391 126
99 84 0.369144 2800
29 0 2.4562 245
5 79 1.16642 471
12 80 10.1668 859
83 72 4.5359 229
69 81 0.499725 7610
2 60 2.80795 310
68 70 3.70945 403
57 71 1.6273 402
86 46 6.94859 239
