100 1000 1000
90 85 57.1785 20
12 88 0.710497 2390
29 78 42.1881 33
43 22 12.1088 31
79 95 0.514002 348
80 47 0.0449485 870
16 36 1.46113 28
8 89 3.96632 170
35 9 36.0768 4
48 17 22.8631 92
48 63 9.17818 11
36 27 1.03806 23
58 66 11.0266 49
59 84 0.0384564 1000
60 13 38.7553 6
40 14 43.3047 20
33 40 0.587165 6
95 28 0.678662 414
20 64 4.64282 239
11 12 1.59709 463
21 86 0.300631 183
32 62 0.0357539 97
45 59 2.23281 385
41 91 1.1919 6
29 5 51.5881 26
81 93 0.683457 154
81 12 3.27932 487
85 59 0.639491 1458
29 91 0.929711 18
29 72 1.30793 38
9 84 0.0512291 517
51 9 0.837766 1615
31 26 0.0463684 490
57 69 0.179244 52
96 43 0.116913 369
57 2 16.3336 80
36 39 2.83691 29
19 11 1.47075 781
24 68 0.038933 625
52 38 0.0389617 2199
94 10 0.149806 678
49 19 36.3917 6
31 53 0.0172994 1632
56 62 0.0323242 569
46 32 0.718616 131
80 15 0.0278103 601
5 2 1.24177 2017
0 57 0.568978 239
6 39 0.0739567 598
96 7 3.66754 303
80 12 1.02786 456
18 46 34.7056 19
71 95 27.2804 26
82 2 72.383 37
59 79 1.34746 1510
33 92 0.53568 65
86 61 18.2924 48
87 25 0.0303495 1633
29 40 1.05461 38
57 83 15.4077 139
17 95 0.299861 2488
98 10 2.26204 25
37 77 21.1887 25
25 73 27.458 37
0 69 0.124019 276
99 39 4.34101 22
69 27 1.57065 19
7 3 0.0132233 198
2 54 1.00386 187
8 76 0.480107 49
6 48 0.0556618 1713
68 50 44.7193 5
75 93 0.229505 1178
73 18 0.0439401 397
65 3 0.019381 1344
38 77 8.96946 71
76 79 29.1274 48
71 1 37.9831 28
52 20 0.126563 336
87 41 0.0134589 47
71 67 0.914429 22
99 75 61.6532 0
28 70 2.18561 277
42 77 1.15034 630
40 65 63.4274 34
56 24 1.04456 601
7 49 0.0110263 2792
44 71 0.0147235 1836
54 15 0.0345739 1060
56 51 1.95818 426
45 43 0.156832 284
16 78 53.8768 11
14 77 0.434933 174
12 49 0.0114901 2183
96 85 3.32436 713
28 29 0.0568995 28
71 31 51.6389 34
65 97 0.86817 648
97 29 0.0257413 174
87 70 0.786097 2082
62 34 67.1956 24
96 48 0.136717 119
64 90 0.0356895 343
0 86 0.24929 6
17 82 0.0132524 2294
28 4 0.0767007 652
73 89 0.464723 452
63 78 1.57073 1067
4 16 0.69535 47
67 64 38.7862 15
35 63 30.8097 10
29 0 7.33906 9
13 78 1.0943 1292
2 99 0.0142881 2618
6 93 0.249245 492
19 81 0.65889 378
3 0 8.06101 22
71 35 1.11117 3
38 39 1.6609 64
75 93 0.238647 2326
72 0 5.1887 27
43 78 16.2368 84
76 45 10.521 28
14 70 1.00459 1181
85 51 0.797557 243
75 25 0.0289561 218
72 65 53.224 10
20 52 10.3867 239
68 45 17.2653 9
22 50 1.50702 699
47 12 21.1983 71
34 51 0.848013 2078
87 36 0.0285606 1394
0 26 0.261816 226
14 40 0.0233133 1517
82 57 4.20047 10
26 32 16.5245 21
5 19 0.497083 1843
28 1 2.03054 376
23 87 60.5697 16
94 37 0.0329941 281
48 22 10.5298 4
68 59 44.2216 40
52 28 0.277548 2142
32 52 2.47953 1083
47 95 7.68989 130
9 43 0.0827612 442
82 65 61.6505 16
75 69 0.012938 867
62 99 1.3013 30
29 42 17.8609 5
71 24 27.9957 29
9 94 0.836024 374
46 52 1.40597 1118
64 2 2.42116 938
66 23 0.0787609 319
97 45 0.467881 309
40 71 1.01307 18
3 81 24.4723 13
61 80 2.37513 1375
52 27 0.0190031 1791
68 17 68.5167 9
67 63 41.623 25
43 95 10.2429 10
79 14 0.853501 269
11 86 0.0438512 83
47 78 14.6166 85
88 39 0.0708878 539
20 42 3.03493 40
67 3 1.32915 10
34 89 0.313288 838
58 24 22.5987 42
28 97 2.31628 396
27 2 58.8492 23
31 13 1.06588 141
88 56 0.541473 181
36 61 26.7237 1
20 34 9.68102 67
89 84 0.0954963 48
2 37 0.0146764 755
42 92 0.050056 129
3 79 62.0832 12
9 1 1.12837 747
92 9 35.089 22
99 68 1.204 19
53 20 9.07521 26
75 44 1.40257 910
61 46 1.26247 794
55 70 6.56663 125
56 2 2.79859 867
97 44 1.81388 725
97 54 1.73863 1745
61 96 0.718783 272
54 12 1.0308 748
11 74 0.826542 1559
22 70 1.44647 525
33 39 1.89056 52
40 23 0.949958 27
66 31 3.68062 412
87 24 0.542465 1717
48 31 15.74 44
56 8 0.208633 726
15 94 13.5889 82
40 69 0.725275 34
53 79 67.7064 27
92 45 18.2995 11
71 24 29.2272 24
17 80 1.1333 1271
39 38 0.632339 19
25 63 21.1185 0
76 58 0.678415 51
35 33 2.211 3
46 3 0.0242702 82
28 83 3.62039 100
45 30 2.27369 716
21 2 14.3258 67
62 45 24.9351 12
46 41 0.0169372 486
22 53 0.0250159 1135
57 84 0.402608 32
99 32 27.4591 5
59 89 0.406234 1433
14 80 1.7915 1064
43 24 11.5493 5
44 2 0.855748 1226
4 94 27.1309 37
30 73 0.908803 1324
6 79 1.08139 760
37 1 34.5169 13
18 66 10.0023 15
56 66 0.560458 865
86 69 0.394042 45
8 89 3.71859 134
16 28 22.8598 26
32 79 2.08048 273
8 75 15.9632 170
27 49 0.763708 11
13 31 0.939193 606
15 59 17.5159 57
89 56 1.63062 41
8 24 6.15785 125
63 59 1.4034 693
34 72 0.0228221 1244
31 18 0.0378903 1503
91 97 53.3282 16
18 98 1.13918 49
47 10 1.4188 110
51 52 1.31032 439
14 42 0.407722 569
61 18 0.0520103 395
8 76 0.392502 16
84 79 39.4976 0
50 14 0.926616 981
83 4 0.0217233 1381
15 37 0.392766 82
49 10 4.56232 8
50 15 0.0543872 899
7 38 0.035847 1001
6 51 0.715634 785
53 5 84.7879 26
84 17 55.3022 51
85 10 0.0823041 902
50 45 0.38778 1492
32 48 0.122781 978
30 47 0.084718 773
60 57 3.77812 47
70 71 0.0277131 1013
44 18 0.0192252 2091
84 22 24.3971 35
64 4 0.0477101 902
13 17 1.61496 1019
70 87 1.27973 989
78 62 0.0189437 299
56 55 0.266735 978
46 50 1.22993 674
44 39 0.0492747 318
27 96 19.8347 33
79 70 0.693648 1270
5 33 0.0361918 1016
94 67 0.0285446 1029
32 13 1.65012 193
74 60 0.0401641 343
96 77 0.908967 708
3 23 1.14165 30
0 75 8.13603 296
2 62 0.0126997 1412
69 79 68.2576 2
95 8 0.204344 494
12 23 0.0136527 2779
53 43 3.15698 26
35 20 6.63415 1
42 68 0.0638834 52
4 87 43.4129 18
6 16 0.0167081 1878
16 30 61.2135 23
37 92 1.18968 4
24 81 0.984086 741
33 89 7.53761 10
89 30 2.52145 139
43 36 0.50352 13
89 23 0.0536628 174
88 26 0.0437196 976
27 66 12.3813 33
79 51 0.765365 314
38 80 37.8982 28
74 13 1.55071 459
55 13 6.9956 139
28 7 3.9229 133
6 63 0.599933 129
22 99 0.0347951 1289
29 6 62.6111 5
6 85 1.20536 468
1 0 0.234942 102
96 11 2.16202 98
42 59 2.49077 171
59 73 1.17758 1221
0 23 0.131827 111
64 43 0.0950188 225
85 59 0.692377 240
62 64 40.0552 6
98 76 1.03284 58
96 95 1.18375 705
99 16 0.958914 1
11 26 0.0436916 943
14 13 0.964582 712
41 23 1.15474 16
59 35 0.0284518 911
42 38 0.130458 444
60 34 49.2517 18
48 71 0.358831 32
86 66 8.58977 35
22 9 1.24252 1118
9 58 0.0442089 821
2 93 0.178087 2638
57 88 14.8086 99
24 4 0.0501932 203
96 4 0.0744259 701
80 11 0.739139 2846
12 88 0.83888 112
30 74 0.717819 734
54 73 0.549478 1571
80 3 0.0141127 497
52 2 1.19034 44
39 98 0.502665 30
54 96 0.296106 2307
54 38 0.0348111 1422
17 6 0.807588 2345
88 74 0.71059 1417
28 23 0.060748 603
78 90 0.025782 752
33 31 23.114 14
21 43 0.484902 130
64 52 2.0873 223
29 26 1.84529 14
23 15 2.24033 18
24 50 2.16847 461
18 33 1.66347 42
74 31 1.32004 13
3 63 31.8181 2
4 63 24.7121 20
34 68 0.0179775 126
43 8 2.01422 73
82 38 2.04938 2
79 40 0.0187562 813
61 44 2.14889 94
97 85 1.29935 1107
95 87 1.98491 260
69 33 3.21869 18
10 48 0.839329 156
23 46 53.1498 1
20 39 0.66038 38
65 56 0.38583 508
55 45 2.98972 210
21 69 0.160351 161
38 3 0.407759 11
76 59 24.3212 25
0 51 6.33881 299
8 67 0.184735 48
65 83 1.1991 1648
8 19 7.15466 36
64 93 0.388377 1161
82 12 77.684 29
58 63 25.5513 30
92 85 59.1163 21
2 70 0.638188 2462
36 17 55.8199 21
81 71 0.052823 425
7 9 0.464971 2551
31 46 1.05865 976
27 98 1.6449 5
14 24 0.60041 231
73 71 0.0214291 72
55 12 11.3604 47
88 32 0.594301 507
8 96 5.00974 133
93 51 3.8523 185
26 9 17.2511 76
68 27 1.36487 33
39 32 7.05043 92
15 18 0.79364 49
46 83 1.27248 407
65 47 0.0532542 98
55 62 0.161881 8
89 20 0.431754 29
62 90 1.2728 21
73 88 1.16781 801
62 36 1.4108 4
16 72 1.83092 32
16 5 67.346 32
21 29 0.183958 199
66 59 2.83676 439
19 48 0.115446 57
13 35 0.0252041 41
29 20 5.90954 16
72 90 0.737062 35
85 74 0.573188 1748
59 60 0.0360352 786
96 14 1.97982 608
36 8 3.27207 1
22 90 0.0337862 741
47 36 0.460695 96
60 72 1.02243 42
21 29 0.192471 126
30 15 0.045593 516
33 70 20.2329 76
18 45 12.4317 2
63 74 1.26079 880
26 4 0.62928 18
59 92 0.0295958 396
86 59 23.4281 1
70 55 0.147668 940
36 95 20.3856 20
89 85 3.02832 129
92 29 1.03472 20
52 75 1.08496 1480
17 65 0.730151 20
72 32 19.2881 14
12 33 0.0328324 147
63 94 0.988078 238
49 83 78.5594 7
10 29 0.285649 20
16 79 67.1073 4
90 17 78.0556 11
54 13 0.566558 36
26 71 0.466008 2
62 12 79.045 28
40 70 36.727 28
62 19 38.2546 16
34 35 0.0191374 1127
75 13 0.774232 414
92 57 3.90113 14
0 2 8.22404 228
9 14 1.26239 757
88 51 0.94151 416
14 24 0.61531 1625
78 32 0.70968 1072
93 69 0.0696551 505
77 32 1.5816 267
53 75 72.0254 19
75 81 0.394332 210
79 96 0.470137 1302
74 88 1.70435 180
84 14 32.7146 26
63 22 1.27548 75
41 95 31.8965 5
32 97 1.47761 73
64 82 0.0329759 228
21 25 0.261546 23
25 67 0.497855 6
62 19 36.1851 18
79 24 0.462789 2069
30 84 0.0345366 769
11 93 0.328377 1277
2 47 0.0571559 1038
14 20 0.179319 981
38 21 2.42189 8
67 42 22.4908 1
17 1 0.45421 2920
41 4 1.63029 31
5 47 0.062317 1922
5 37 0.0172446 1097
55 20 1.03759 49
40 62 0.930429 37
0 26 0.306501 49
27 89 13.2179 23
4 83 43.5026 15
27 57 3.5002 43
33 44 35.5552 25
98 1 21.2728 23
71 85 55.3411 33
46 85 1.19922 641
46 52 1.50308 467
68 99 0.868173 8
21 38 0.411806 168
82 10 3.61543 6
62 6 78.6482 33
36 71 0.709736 39
97 0 0.165468 1078
24 11 1.6413 19
28 22 1.84407 472
55 65 9.71248 44
2 11 0.693503 1822
24 67 0.0341793 924
35 74 27.9171 1
3 52 72.8665 22
43 49 0.352602 82
70 77 0.439149 945
12 71 0.0160306 1889
65 68 0.0199383 270
49 85 74.5585 15
55 64 5.81427 100
49 42 22.3503 25
48 69 0.265878 53
43 65 24.4358 49
62 64 38.668 31
16 55 6.76033 25
42 57 0.251571 575
90 30 58.4148 8
89 47 0.199885 508
48 52 21.3782 71
10 96 5.45732 156
47 86 0.596028 57
20 34 10.6708 20
78 76 0.0485284 153
78 67 0.0219963 466
13 76 0.04406 1328
42 21 0.324529 102
56 97 1.91446 231
91 38 3.10302 8
90 16 0.996005 11
94 60 0.0441568 854
26 47 1.6842 52
24 0 0.33672 705
99 97 42.7009 3
56 95 1.06618 185
70 25 0.0460008 1480
90 45 20.5279 33
75 47 0.0647741 276
45 40 0.0599347 200
3 47 3.67887 13
1 80 1.91805 312
98 19 20.3372 27
60 25 1.27734 48
93 67 0.0733688 421
19 1 1.16596 200
33 1 16.6324 21
85 40 0.0172439 855
85 10 0.0794369 65
3 83 67.1773 20
49 69 1.06231 11
30 99 0.0206743 1597
13 96 0.562598 1413
27 69 0.704894 16
83 74 0.620084 775
72 20 5.25267 27
98 55 3.88555 64
72 80 50.7544 0
20 17 11.9551 45
42 82 0.0639454 526
39 29 0.251965 46
32 58 0.0523498 101
10 41 0.217972 85
93 4 0.104935 136
36 14 31.4956 11
4 57 2.88157 31
29 8 4.55802 29
73 90 0.02591 1501
89 80 4.7265 612
59 18 0.0399236 592
11 96 0.440669 1837
20 67 0.115654 46
72 62 0.678356 13
6 8 0.0741326 672
47 3 0.279442 84
45 24 1.63271 261
64 75 1.87157 460
97 72 0.0347463 1613
33 1 17.7796 40
51 93 0.277784 1006
71 89 16.67 5
72 82 0.800249 38
80 23 0.015192 2076
61 40 0.0307395 303
2 65 0.946649 391
33 87 24.3249 30
31 59 1.0274 1331
46 65 1.57365 976
17 71 0.0151961 100
12 21 0.0806622 2797
1 22 1.04728 447
55 51 8.833 121
27 33 1.99396 33
42 24 1.31752 373
52 6 0.976451 134
98 18 0.961999 32
35 46 43.9946 14
17 60 0.0167132 384
36 33 1.50512 33
4 37 0.779014 32
27 82 1.02432 14
16 40 1.43253 2
67 26 2.20905 16
18 1 25.4476 44
45 42 1.02889 429
79 31 0.789265 667
53 39 5.40165 8
78 65 1.376 750
78 50 1.08029 1054
87 4 0.0263265 173
14 68 0.0269838 1239
91 66 15.1044 15
94 55 0.227246 89
67 0 8.72125 15
82 86 1.83042 22
92 52 57.953 16
23 20 7.41327 25
7 83 0.980659 1746
85 91 0.0147223 1420
63 20 0.279072 453
82 28 20.0977 27
98 27 0.734103 9
53 23 1.27875 8
94 12 2.52315 430
86 7 45.9981 41
63 19 1.04255 475
10 84 0.398369 76
13 26 0.050824 1194
25 15 1.36404 56
90 3 1.11869 13
22 72 0.0402928 272
73 87 1.2992 843
72 21 4.77651 50
79 71 0.0179565 331
6 50 0.777132 1713
95 90 0.0371663 128
41 28 26.6258 29
21 80 16.143 102
71 21 5.98687 17
56 13 1.76135 371
43 14 19.7759 34
55 82 0.171723 82
19 76 0.0635642 457
64 39 0.117225 410
50 73 0.945249 1020
58 11 37.0122 35
42 70 2.5175 474
52 80 1.20341 112
26 14 20.5066 70
62 93 14.0772 5
66 78 3.36612 266
40 71 1.03701 10
54 49 0.0123184 1764
43 38 1.06289 55
78 28 0.479888 507
44 93 0.170161 2208
87 60 0.027846 1111
34 59 0.787892 348
90 14 48.9491 6
57 66 2.91033 82
23 87 58.0074 0
11 58 0.0276912 1293
40 32 31.3577 20
29 62 0.914783 38
8 19 6.1991 131
65 74 0.646155 1366
35 90 0.871716 35
52 36 0.0229008 414
66 8 0.381546 81
53 39 5.77153 23
3 77 17.2997 20
45 75 3.45165 276
97 94 0.716682 1422
41 36 1.71132 13
56 9 1.32859 858
49 50 50.5042 8
11 53 0.0179126 1198
23 51 45.418 23
95 92 0.0415156 700
33 0 4.14173 1
20 31 5.73264 187
44 35 0.0170125 829
17 58 0.0177068 2779
29 92 0.910208 30
83 55 0.105046 601
63 59 1.41736 430
15 22 16.4976 18
96 46 2.45303 673
76 22 15.0317 35
81 31 2.24926 244
38 64 14.0642 87
48 49 0.307479 105
40 93 13.0883 35
34 56 0.407437 337
6 47 0.0567944 1175
52 45 0.313166 1674
99 3 1.11378 7
53 45 26.6218 28
49 90 1.26924 4
6 15 0.045852 1695
30 1 0.770942 1608
48 82 0.324431 44
59 34 1.60119 823
97 81 0.520211 683
61 65 1.63154 1263
23 96 21.3363 24
29 77 20.2532 10
75 49 0.0138777 1845
69 28 21.3082 14
2 20 0.0990754 1117
88 7 1.58238 237
57 4 0.361155 117
75 48 0.0554392 506
66 39 0.284422 427
71 54 80.8269 28
89 80 4.63796 587
87 12 1.19975 1064
32 53 0.0325846 546
83 38 0.041876 2160
68 31 45.3923 13
97 8 0.0930699 421
20 46 6.13997 106
17 93 0.164981 2811
43 79 23.2202 24
53 65 72.3774 4
34 69 0.0121283 2394
7 66 0.201633 1060
40 13 46.9602 25
9 76 0.0674777 893
4 35 0.780453 46
42 10 0.253216 545
55 11 9.37895 197
96 98 0.089021 664
34 23 0.01758 1351
94 83 2.2875 477
71 41 0.935522 27
80 81 0.258033 770
72 83 45.3491 21
35 54 67.2731 39
71 26 2.15095 2
70 82 0.0311744 470
99 10 3.7995 6
83 61 0.661885 932
50 36 0.0328911 129
83 81 0.34992 1240
85 1 0.72962 746
43 28 6.7066 55
68 66 13.4807 19
45 93 0.782013 59
31 4 0.034034 928
39 10 1.11688 31
62 36 1.41414 30
70 75 1.40304 1169
58 81 15.5951 29
11 60 0.0286997 423
49 0 8.23298 25
59 54 2.01432 1349
94 3 0.0311301 42
65 62 0.0168784 1222
87 84 0.0327956 1603
56 2 2.79692 390
40 29 1.04605 2
33 36 0.714641 53
28 79 2.887 513
65 39 0.0652796 1907
84 45 11.139 23
49 99 1.12736 27
20 29 0.145895 238
65 67 0.0137506 2403
81 3 0.0506734 611
33 85 24.7965 49
58 64 23.6293 0
56 41 0.0302965 205
23 44 82.7248 4
75 74 0.53402 310
96 88 2.66964 161
22 74 0.962539 684
82 45 18.857 34
20 14 7.2392 15
85 11 0.923702 1117
87 35 0.0191129 2106
43 44 35.7274 32
33 53 0.367588 48
86 4 0.869772 42
26 68 0.584201 38
53 14 64.0248 6
6 14 0.844614 697
95 37 0.039328 941
36 62 0.75194 3
50 98 0.0351203 1623
61 87 1.39977 1336
85 48 0.0588666 2062
64 77 0.60751 156
58 9 31.6616 7
28 5 2.90986 690
8 91 0.185238 51
63 77 0.72925 227
64 48 0.117428 180
68 6 59.9165 20
54 48 0.040555 982
3 72 1.31055 29
90 78 54.083 2
20 93 1.87429 52
57 96 5.94342 47
91 73 56.5468 10
29 41 0.766995 36
74 59 1.11155 1001
65 30 0.693839 915
51 9 0.746639 215
26 55 3.2578 56
69 77 25.8868 3
38 1 18.3511 49
75 40 0.0203145 1709
85 54 1.31608 543
73 27 0.0333535 1381
20 24 4.51478 47
93 83 5.21313 312
66 87 4.63585 26
24 82 0.0461815 719
99 91 0.913461 17
76 6 29.9787 59
64 41 0.0254948 1114
52 60 0.0205279 29
31 38 0.0597863 470
37 55 6.78027 35
49 10 5.51373 17
30 99 0.0201414 866
49 29 1.40611 20
1 89 0.515085 650
99 60 1.46909 22
85 62 0.0153911 1547
91 87 59.9399 32
82 43 2.13758 29
58 39 3.00872 35
51 30 0.919677 16
92 57 3.71233 31
85 32 0.44956 1675
15 34 26.7825 71
40 76 2.10248 3
48 24 8.78078 110
46 14 0.900032 1023
68 51 39.5002 14
34 44 1.46482 1001
70 55 0.141633 280
7 67 0.0102222 383
73 57 0.0949914 1620
61 9 1.14087 937
56 61 1.453 438
86 90 0.558249 14
59 3 0.0272643 382
54 55 0.0895521 1347
5 8 0.0944478 1618
5 13 0.898877 40
36 63 22.6066 43
61 39 0.11478 1332
21 74 6.70071 24
25 34 45.1906 38
13 17 1.83489 1495
31 23 0.0246588 597
91 7 88.6031 10
0 14 5.58788 0
57 72 0.362069 55
42 19 1.90802 318
5 66 0.219896 2110
85 46 0.841851 572
28 1 1.95271 563
34 90 0.0155951 1060
52 39 0.057629 450
32 18 0.051881 631
20 64 4.68149 29
50 99 0.0249106 337
92 57 4.53012 38
29 22 36.599 39
14 67 0.0200678 1454
8 73 8.32858 0
8 33 0.521905 123
82 9 31.3004 27
39 10 1.10085 132
6 94 0.540557 976
9 18 0.040682 1367
44 10 0.053947 1915
64 89 0.632442 35
93 31 3.67381 144
67 80 109.869 10
49 70 45.9743 15
11 60 0.0303139 408
21 17 13.8554 61
86 55 3.43696 58
3 87 63.2399 38
66 20 0.464253 72
86 95 16.3202 2
37 4 1.54953 21
64 74 1.13958 958
91 36 1.53348 9
24 62 0.0306657 155
33 46 21.2922 76
0 35 0.17322 193
54 23 0.0132558 538
50 26 0.0441764 424
3 2 69.4722 32
53 80 93.867 12
0 72 0.208892 47
33 69 0.436932 71
39 91 0.242175 114
63 47 0.123523 155
34 39 0.0664559 967
35 31 38.997 31
78 51 0.98192 1196
46 87 1.34124 1035
94 18 0.0522709 891
36 42 15.2106 47
38 83 31.2227 64
73 27 0.0310439 1246
96 47 0.182386 233
50 54 1.59504 1693
73 27 0.0273147 593
48 42 6.43573 112
60 58 1.06377 41
73 45 0.439045 1375
32 79 2.22866 308
67 20 8.94657 31
28 64 1.69248 113
67 74 42.6943 29
79 46 0.766574 15
19 68 0.0351219 949
21 79 10.7953 20
92 65 61.2659 19
56 29 0.0425688 75
84 80 48.6745 0
29 80 72.9505 37
81 55 0.322119 766
28 4 0.0844449 211
72 30 33.0582 44
41 84 2.07044 12
86 7 48.7365 18
5 98 0.0310416 2083
14 74 0.866073 1705
63 1 1.2024 958
58 4 1.21178 39
23 29 1.06658 18
17 59 0.543929 1801
40 11 41.8361 5
79 18 0.0313713 462
51 7 1.5783 1768
79 6 0.991769 779
17 51 0.612316 736
80 63 0.407343 2482
88 69 0.01854 1446
2 24 0.346107 1353
34 1 0.609374 675
35 28 17.4875 25
58 84 1.30966 47
67 38 2.79108 0
4 21 3.78101 34
69 66 17.3256 20
95 25 0.0714437 900
50 89 0.382168 1683
1 22 0.912387 216
33 99 0.442295 61
80 95 0.394039 2213
81 89 0.800089 364
95 38 0.0980141 424
6 61 0.631269 769
3 2 77.9304 29
1 9 1.04721 1339
94 36 0.0469351 7
29 83 62.3676 0
84 63 20.226 13
61 0 0.198245 97
28 34 4.03873 494
36 79 42.188 21
65 39 0.0622849 1980
71 21 5.32196 4
34 70 0.75506 463
18 39 2.34578 55
87 82 0.020654 830
28 54 4.67277 669
31 94 0.727565 743
6 51 0.910985 2022
92 66 13.5689 17
53 12 83.9648 0
37 2 64.6495 12
15 57 1.984 37
5 61 0.71517 1041
47 50 14.9646 115
20 19 5.25489 67
4 50 41.6584 29
96 28 0.805498 676
3 14 43.0432 24
33 19 14.2809 48
96 8 0.196922 723
70 27 0.0335227 1483
49 47 4.10953 24
68 5 56.773 23
8 94 7.68834 137
42 85 3.09158 604
95 1 1.31827 399
42 45 1.14438 684
50 8 0.101435 1062
18 3 0.681541 58
48 5 21.339 14
