100 2000 1000
58 35 0.921048 71
17 16 2.25448 729
46 98 0.564373 59
90 20 0.14916 523
46 6 77.2908 46
97 2 8.23578 53
68 93 0.368344 132
45 21 1.25823 203
26 50 0.018366 2513
29 78 25.4398 32
18 11 0.934497 9049
31 7 0.0851824 1895
29 65 125.044 70
41 99 7.47161 64
24 61 0.745509 88
84 42 0.295987 311
52 70 1.14207 23
43 89 5.47144 2172
40 31 8.51268 199
58 4 1.46024 28
65 63 0.788028 8228
95 63 1.19688 4424
80 26 20.9497 94
44 71 0.795064 90
48 78 32.0135 65
13 32 2.03389 55
24 56 97.0576 0
93 22 0.458588 119
36 77 1.27104 49
5 29 0.490602 140
39 14 0.888593 5938
16 94 1.02568 2583
91 78 24.5424 49
39 28 0.0090202 5198
96 48 0.00738088 9741
98 10 1.39937 5
69 35 0.0072336 10071
61 18 101.598 52
81 29 0.385589 35
85 6 39.39 144
33 90 0.0634534 9657
17 61 0.0193065 979
76 40 0.0395938 1866
55 43 0.915359 969
20 97 1.54767 63
85 76 20.1998 224
0 90 0.711201 818
76 45 0.950877 3293
37 44 0.553629 57
62 87 0.0141828 4931
98 33 125.326 22
37 78 16.102 92
90 93 0.259302 382
71 44 1.18667 63
10 80 1.91184 98
86 92 0.0128377 7722
72 44 0.824649 48
8 3 5.63601 1059
39 80 0.026945 5578
13 20 0.667018 142
82 32 1.55728 170
49 96 4.20322 2017
72 37 1.49003 99
41 9 2.50239 8
51 46 0.0111911 5284
31 83 4.67921 631
64 92 0.35308 189
35 21 80.2116 55
60 51 79.5248 104
0 10 0.125139 852
64 51 34.6563 302
72 45 52.2557 19
65 74 0.0151508 56
99 39 7.99386 310
3 17 0.72943 110
86 69 0.980613 8505
63 12 0.899903 9035
73 45 38.3422 3
98 40 2.6301 16
26 78 0.486035 291
49 80 0.0930854 2376
27 92 0.780756 8
61 97 1.79204 91
63 23 0.54877 7947
55 76 2.51067 2180
8 99 0.860837 530
0 44 0.0857619 81
53 42 0.285707 115
1 79 0.601461 2026
18 38 0.0090894 7429
92 30 26.3503 23
87 89 82.6279 62
55 64 0.143578 642
74 57 0.519688 110
99 49 2.62328 876
73 98 0.545132 74
33 97 0.0166603 2500
14 99 0.118743 4695
64 83 30.4026 139
65 41 0.00917544 9557
54 50 0.142866 360
56 40 0.0183551 11550
35 70 1.11757 26
74 36 0.492165 122
45 25 0.0186363 1239
61 33 107.549 1
31 63 4.85312 1417
58 37 1.8248 32
99 54 0.689125 533
15 76 34.7962 52
85 54 2.32563 59
21 24 0.0190126 781
9 3 19.517 125
40 45 21.246 177
60 38 0.656264 64
88 10 0.0569424 919
92 41 0.976839 68
95 85 0.0323549 977
83 62 0.999453 7047
5 69 48.2484 160
5 9 1.4509 188
27 35 0.477653 111
32 14 19.4906 153
80 60 0.597212 223
50 33 120.729 7
83 19 0.582372 4050
94 43 0.177606 10866
12 90 0.0670603 1124
15 40 1.53674 32
67 79 0.528692 459
55 36 0.0422797 1591
81 69 37.73 9
45 43 0.427686 4957
78 54 0.232289 1340
12 6 1.1491 8000
51 86 0.766756 8582
80 13 0.655434 80
69 6 1.09232 783
21 5 0.0288662 1934
89 85 0.0212904 3844
64 56 37.256 159
67 22 0.0294986 1587
99 66 11.2024 607
56 58 0.00706476 10804
26 7 0.0336764 4953
76 32 0.062504 224
40 22 0.374638 173
44 55 23.8744 4
47 45 35.3401 23
70 38 0.983606 0
6 82 0.0200391 1780
1 67 1.04584 490
32 39 21.8514 157
50 26 50.9076 52
61 9 3.07056 27
14 95 1.06496 6447
48 12 117.674 22
50 13 1.75589 65
35 89 143.521 9
70 40 2.31637 48
59 89 66.2696 115
94 43 0.17352 10905
10 4 1.1681 30
80 40 0.939805 217
38 76 61.642 57
1 89 4.83978 2458
79 43 1.42063 941
28 67 36.6162 14
58 32 3.92966 24
53 86 21.1908 15
13 51 71.3693 159
90 16 14.9084 416
69 30 0.336361 998
22 92 1.44995 82
85 40 0.849171 59
62 88 0.207302 10005
89 75 0.0166858 3917
75 23 23.1595 46
26 6 2.08055 624
52 97 2.29974 22
4 96 69.0655 88
50 39 79.4645 14
58 18 107.577 7
75 62 46.2138 88
73 50 0.671967 42
17 59 0.0360618 3856
28 8 12.5232 72
10 19 48.9863 57
77 36 0.745768 83
60 22 0.571607 6
45 98 0.0145368 4482
72 12 86.7656 1
76 13 0.0291652 1172
44 55 24.3889 3
10 42 0.970385 8
3 93 0.0265891 1661
21 81 0.0355133 6141
31 67 1.38137 850
59 39 41.1054 43
86 67 0.271024 7810
32 10 0.326654 210
18 82 0.0229736 8601
96 99 0.0900806 409
23 99 0.160214 1295
59 5 1.07124 64
56 75 0.0170202 3310
24 45 39.2322 1
13 25 0.609116 6
17 63 1.97613 1441
84 61 0.22347 314
17 71 0.0154804 4125
75 97 0.796097 96
25 67 24.8523 101
59 42 0.672787 81
83 31 0.193807 4122
8 17 4.78381 349
42 83 77.4505 75
42 1 20.5975 106
85 78 10.226 16
6 52 0.00711167 4070
41 15 1.17919 8
82 63 42.8971 31
58 87 1.63173 1
27 54 3.77268 124
39 23 0.663385 2886
97 61 0.486254 101
26 4 0.0285334 3201
59 82 1.16967 97
20 80 2.00416 37
74 58 0.437545 161
16 71 0.00600286 2443
70 13 1.85228 36
0 42 0.118849 335
19 4 0.0237414 4055
72 78 24.2922 7
43 84 0.189426 1124
56 39 0.567933 11693
5 64 1.59167 81
42 69 76.7495 103
59 98 0.420568 137
10 7 1.46136 8
61 87 1.55916 75
41 1 20.9348 13
63 84 0.0413035 3750
69 44 0.00798865 547
91 7 1.8515 90
11 49 0.270435 5295
71 68 6.00834 6
51 95 0.620028 5838
52 36 1.04923 60
53 84 0.994333 146
68 25 0.208798 351
60 66 72.7436 114
23 65 2.1132 3302
43 3 2.6055 536
98 8 11.6995 72
93 54 3.22669 65
14 56 1.75013 2939
52 16 131.73 53
3 73 0.0197859 1359
26 17 0.912818 235
95 7 0.0222564 3591
2 74 0.105237 864
59 10 0.606605 65
83 36 0.00919337 7596
49 2 0.694114 1924
12 31 0.199952 1810
43 8 0.471579 839
3 34 0.0149963 2643
6 41 0.00968986 5146
48 50 1.15476 58
80 97 0.794762 181
32 75 0.548028 89
81 39 31.8832 84
16 19 0.520517 1357
32 58 0.250148 4
5 1 11.5644 133
11 14 0.77379 2849
82 41 0.503965 133
92 76 39.8034 107
59 9 1.52996 183
77 90 5.5586 86
90 33 14.7823 144
57 60 1.39183 12
52 59 2.0521 2
47 96 68.932 29
92 73 1.08344 69
32 65 32.4074 184
76 57 0.0184405 4303
11 61 0.0095872 2599
48 41 1.45164 69
43 19 2.51527 600
28 37 1.95023 11
29 17 49.2978 30
72 23 53.0467 76
50 62 101.37 6
15 27 1.01467 5
93 15 0.804517 143
10 53 3.38628 38
91 86 97.4024 51
10 11 67.4715 76
58 4 1.48637 15
90 61 0.120966 358
14 55 0.289375 5830
40 37 0.663498 62
88 0 0.427138 1700
19 72 0.0163402 110
21 42 0.0183781 6492
34 38 0.824791 87
0 49 2.44671 527
76 58 0.0154468 4545
44 91 1.10776 12
41 68 4.17702 79
80 67 11.4807 129
9 82 0.687099 15
91 90 6.98276 52
64 78 7.64099 328
3 28 0.0113414 2355
97 14 36.8796 145
33 40 0.0189478 7272
1 16 4.44842 829
33 62 0.840845 6753
32 90 2.03947 48
56 25 0.00806533 7260
95 49 0.287708 2686
82 63 39.1509 215
50 82 2.40761 9
1 0 0.359593 1423
23 95 1.42202 2294
9 53 1.24704 56
1 14 2.543 296
2 44 0.0545159 1047
40 81 1.07623 192
12 57 0.0103746 8965
5 69 49.0288 163
22 45 57.2935 10
28 72 1.21075 29
1 41 0.0431189 866
24 16 87.3306 109
10 33 91.9107 107
36 69 98.2679 81
49 65 4.85811 209
91 56 125.325 67
67 81 0.0835667 1738
57 18 95.3197 69
23 32 0.0630902 2848
66 86 0.901979 37
44 41 1.21111 39
25 5 1.83448 0
58 52 0.852944 45
19 66 1.6713 4304
16 26 0.40655 8016
40 45 23.257 198
27 29 0.584547 142
3 33 1.60302 1950
63 53 0.0406707 7625
46 49 17.0428 113
49 7 0.0689169 168
63 29 0.0100147 6430
46 84 2.94644 4
22 82 2.62644 64
8 58 0.0775722 829
64 62 29.4127 24
49 52 0.0336731 524
26 15 0.026898 3823
27 71 0.443704 65
7 55 11.2979 76
68 6 21.7271 72
59 43 11.3671 107
87 50 0.606323 62
75 94 53.3968 190
42 82 1.81338 7
54 89 19.1052 145
29 45 52.821 15
45 42 0.0211468 2885
38 84 4.64588 9
93 45 26.5111 54
87 98 0.565628 59
2 65 7.16419 379
74 71 0.42113 35
34 50 0.829846 55
23 44 0.0166157 5055
47 72 0.66084 118
89 62 0.81126 4456
80 10 0.520242 129
6 44 0.00805446 7144
57 82 2.28632 13
96 55 0.210696 1711
6 80 0.0186324 3744
78 30 1.27381 2446
33 40 0.0206819 3732
17 6 2.07969 488
54 75 0.309164 586
91 67 25.8705 10
76 49 0.438221 2580
17 10 0.0231028 3201
14 39 1.14634 1093
60 45 36.7699 116
57 72 0.994112 44
6 83 0.826779 34
10 78 20.2967 49
84 72 0.232407 389
75 47 0.644077 122
12 73 0.0143873 9461
76 79 0.25511 5047
22 68 5.88574 79
34 28 0.710626 84
85 2 5.93576 175
43 47 0.0603325 705
98 5 2.19454 77
41 13 1.3467 95
88 18 4.48208 2106
35 27 1.88181 2
48 86 115.318 23
1 56 4.47281 179
90 10 0.155678 155
0 34 0.104801 592
31 66 5.09112 721
82 42 0.546155 27
85 75 0.816568 128
28 41 1.48251 42
23 83 1.83791 659
40 2 7.35285 157
70 83 105.289 86
41 81 1.87046 13
17 33 2.09501 3396
81 41 0.452315 22
27 9 1.72527 66
68 11 16.2304 332
50 22 0.867704 50
16 7 0.0142506 3395
84 58 0.200195 204
15 74 1.14351 138
46 32 2.41445 108
29 58 0.950211 32
88 12 4.5411 1622
86 27 0.0161166 1190
81 51 45.7292 213
78 20 0.038853 382
25 42 1.12073 1
69 50 0.0092865 1321
21 49 0.357134 4231
4 73 0.962494 0
64 15 0.425944 296
42 51 94.3707 96
84 2 3.79916 337
30 14 1.94347 3220
39 54 0.0744164 3123
31 67 1.24812 1002
81 88 8.6374 244
89 77 0.00996913 10602
60 46 0.974422 5
16 97 0.0149652 10053
69 48 0.00772905 7262
84 10 0.285542 119
30 99 0.247662 1517
55 77 0.0504651 1889
47 52 0.528703 14
10 75 1.75998 35
17 59 0.0337284 3603
49 33 4.33905 1630
47 77 0.854383 93
55 94 5.32655 1745
17 49 0.449881 956
68 49 4.49901 37
5 61 0.438489 13
84 74 0.436569 90
68 42 0.230582 321
59 8 5.8404 117
12 81 0.024482 3577
46 99 6.33249 79
57 7 1.76432 5
83 9 0.0309462 4251
94 19 0.46147 5063
15 6 71.3905 78
11 22 0.00947141 3988
77 13 1.38694 32
4 96 69.2236 24
11 60 0.0142697 5073
4 21 43.4958 12
58 96 102.814 8
70 88 23.964 73
53 14 15.5922 20
47 92 0.856287 21
23 16 2.16074 5047
73 24 0.889248 11
7 36 0.520659 97
60 11 61.0059 0
9 3 20.0054 122
59 89 61.8518 85
52 87 1.71689 41
74 68 2.51743 168
2 82 0.124881 221
9 70 0.300011 306
59 97 0.965281 106
78 19 2.13667 2299
82 86 41.291 154
54 49 3.6204 523
97 34 0.539945 159
79 34 0.0659615 1113
89 68 0.0410128 4161
58 20 1.18372 32
72 67 25.227 83
91 8 9.8404 17
21 66 1.45411 4360
54 85 0.386727 531
71 10 1.54619 28
5 17 22.7226 21
93 1 12.5287 45
95 82 0.0289551 3242
37 90 4.18226 45
46 74 1.34514 58
29 24 1.31908 44
95 24 0.0144502 344
38 77 1.30483 38
76 25 0.0202889 4784
55 16 5.11369 203
29 57 1.04027 64
33 53 0.0353914 2938
34 43 20.687 87
48 54 7.24064 60
60 91 0.712478 64
57 19 59.084 61
79 87 0.0974564 1398
92 7 1.36154 34
10 91 0.749159 86
60 8 7.33438 113
57 17 48.6782 89
14 5 0.0275239 3273
70 77 1.30541 18
97 60 0.669466 147
4 2 11.7491 64
60 10 0.832537 67
6 0 0.0864116 111
54 89 17.7457 314
92 53 3.15564 107
39 60 0.0162947 7643
87 63 61.2448 99
87 43 13.8315 124
71 69 127.981 41
60 93 1.25511 42
22 54 6.90156 71
92 28 0.556068 86
85 46 0.489275 130
55 6 4.89386 545
2 83 5.41631 27
62 65 1.17148 4949
51 40 0.019107 5517
56 76 0.406178 4174
33 0 0.0798611 6407
45 61 0.0163022 183
57 93 1.85181 18
78 14 2.3927 2613
60 70 0.636218 34
68 72 0.193657 148
98 58 0.987178 60
65 85 0.0195391 4712
92 16 84.4152 118
22 33 119.579 75
34 69 89.7386 80
82 36 0.395463 145
46 50 0.670585 19
79 24 0.0819097 395
66 51 1.14983 5714
30 56 3.57789 817
23 25 0.0200669 1559
89 0 0.0738168 7437
53 32 0.814432 122
42 52 0.627364 14
81 19 23.434 30
85 42 0.470026 182
28 39 94.182 59
62 78 0.245857 942
18 41 0.0122704 7536
64 98 0.248922 294
64 46 0.408248 144
6 52 0.00648217 6267
69 49 0.235954 4948
73 40 1.66644 122
41 71 0.598704 20
40 63 43.3119 166
0 90 0.733426 939
54 8 1.60221 576
19 62 1.50226 4036
77 59 1.52224 27
35 20 1.36454 28
4 32 2.44584 122
60 23 35.9862 26
28 54 8.16868 76
39 14 0.889558 4442
54 23 7.91812 484
23 6 1.98489 3065
8 11 8.35393 388
85 60 0.478909 214
21 13 0.0228187 2845
14 42 0.0172546 6992
63 53 0.0399159 2641
16 7 0.0139451 6651
64 5 0.613927 52
78 93 0.0678459 982
95 74 0.0238075 2644
53 17 11.3798 243
90 62 13.1673 54
30 33 3.05104 2890
35 15 1.66441 44
68 59 0.32979 360
93 5 1.07318 9
11 61 0.00965006 2331
36 3 65.1776 24
85 93 0.708093 255
10 11 71.0344 85
11 70 0.00999512 3107
87 13 1.08477 83
64 65 34.2783 284
90 86 11.7574 588
74 33 59.2879 124
40 38 0.387335 58
42 95 61.9316 53
5 52 0.393734 182
23 76 0.975407 5075
7 21 35.8598 80
3 18 1.52026 5315
87 68 3.46159 126
46 64 2.4674 36
30 69 2.92886 2904
75 50 0.418605 128
70 25 1.20556 5
76 46 0.0244818 3778
81 21 26.6156 106
8 29 0.0837534 65
92 95 62.6131 64
84 55 4.95114 263
1 72 0.0411912 1038
35 88 24.8873 30
88 48 0.0349926 1373
38 96 114.81 87
17 93 0.0351706 2048
59 47 0.722824 30
85 59 0.676801 241
56 46 0.0105753 384
73 68 3.54987 35
76 25 0.0199694 3052
80 75 0.921691 133
3 84 0.0619763 2264
56 35 0.00646822 10946
15 31 12.866 45
25 2 14.8386 42
93 15 0.796511 149
52 50 1.17239 22
15 46 0.906357 107
20 59 1.49028 70
56 45 0.401686 7582
53 90 1.60577 386
38 68 5.71036 63
30 75 0.0595341 857
70 43 23.2274 17
87 38 0.599666 59
65 49 0.180702 10498
60 40 1.7045 2
86 39 0.832054 2928
66 44 0.00797782 4985
77 15 1.17954 86
73 26 35.8326 81
74 52 0.407391 160
36 27 1.66454 66
17 0 0.196653 4667
52 74 2.17125 74
37 79 8.75233 154
83 15 0.0133741 4562
13 98 0.489979 167
74 41 0.635961 67
79 25 0.0682533 500
70 34 1.13142 36
88 93 0.0848826 857
80 78 11.3865 155
5 80 1.06393 155
21 52 0.0124402 5126
92 37 1.19437 104
9 74 0.568309 22
60 92 0.916849 19
41 96 83.1619 103
85 58 0.334426 8
77 12 73.1227 50
20 59 1.54872 40
50 56 120.873 13
13 81 1.47146 93
97 63 54.355 145
3 48 0.0124052 3359
85 60 0.536766 231
82 60 0.53252 186
58 38 0.902137 9
90 2 2.32199 7
53 52 0.179216 90
58 67 29.7408 53
33 66 0.935227 3869
27 5 1.13772 99
57 25 1.0023 95
53 4 0.311372 364
98 2 19.1957 53
23 76 0.920142 3403
18 20 0.0110435 4717
29 10 1.24377 61
26 25 0.0194855 395
56 37 0.013238 9476
35 34 1.1923 4
46 5 1.4095 65
58 49 25.9614 27
31 85 0.121232 1367
88 47 0.0600639 1416
23 57 0.0169779 5395
32 59 0.503253 303
45 3 1.1348 2054
33 87 0.0131957 60
86 84 0.04435 2823
93 17 27.2052 9
67 85 0.0841813 1153
88 18 4.19997 2090
58 84 4.19456 12
21 77 0.0166764 255
78 13 0.060439 1915
76 43 0.371537 3109
61 4 1.46404 10
60 11 63.052 102
59 97 0.979145 98
0 15 0.149054 36
61 85 2.73523 15
75 40 0.991125 152
73 2 11.5271 104
61 54 6.39983 39
25 11 78.6126 38
53 46 0.307465 83
5 11 43.7418 83
60 89 89.2069 60
28 38 1.12795 56
50 65 127.999 45
61 9 3.23772 55
1 11 3.51061 737
33 86 0.852036 6538
69 12 0.955104 4771
43 8 0.462546 1381
76 56 2.22785 1157
6 90 0.0581752 9357
23 48 0.0136063 5089
95 35 0.00938347 5785
26 81 0.0451035 2418
58 0 10.3639 80
35 87 1.62577 10
24 77 0.875647 100
68 53 0.836811 133
63 15 0.0152064 3910
5 74 0.865932 168
94 75 0.016386 4439
47 14 46.64 110
63 60 0.0128102 8743
0 87 0.138721 774
85 46 0.472033 220
40 0 4.01382 63
17 24 0.0230734 1505
78 97 0.0699928 2274
20 31 15.9875 34
10 32 2.89376 48
38 74 2.0208 89
86 93 0.0179168 2935
8 26 4.33184 787
27 24 0.751843 23
30 19 1.66661 2271
38 60 1.4486 34
14 48 0.0115392 2174
45 89 2.24044 1579
90 8 1.4956 708
84 18 23.8476 340
28 36 1.13196 47
61 82 2.21907 26
52 58 1.12461 54
64 54 1.80733 200
91 94 116.557 34
67 47 0.0510195 704
99 62 10.5938 432
40 47 0.617578 198
12 17 0.517714 1814
43 94 5.02303 884
58 17 55.0427 17
79 24 0.0807949 1184
25 9 2.6691 94
74 40 1.20959 113
69 66 1.01373 4972
66 62 0.893199 7711
8 28 0.0727698 548
33 43 0.196586 2713
82 71 0.318128 8
57 97 1.79506 48
43 67 1.12885 1560
16 2 0.13299 3222
89 50 0.00784341 4620
84 62 22.956 257
79 70 0.0605682 498
26 35 0.0159481 1699
50 31 20.7172 28
54 16 19.0214 119
27 68 3.05434 46
69 39 0.696913 7176
35 99 10.6791 11
77 21 55.6991 1
30 20 0.031869 191
49 21 2.59099 688
99 38 0.0936467 1
97 54 3.08549 86
14 15 0.021377 125
4 32 2.40677 70
98 95 89.5677 15
81 30 14.4637 177
41 30 28.5427 109
25 99 7.84077 91
14 65 1.77795 3457
66 59 0.0172613 733
74 28 0.39873 49
36 72 1.07585 18
33 11 0.758071 2886
27 57 0.611216 80
55 4 0.0604975 1578
37 79 9.20619 129
32 35 0.228722 348
12 97 0.0193519 412
36 95 80.7785 40
38 72 1.14971 65
2 94 7.17045 132
38 1 28.4156 14
16 48 0.00638048 5598
12 7 0.0182116 2219
82 61 0.403688 100
71 28 0.955098 16
88 24 0.0592132 1503
88 22 0.036604 1432
90 18 13.3942 391
3 58 0.0136379 5752
59 57 0.523141 173
73 53 2.84975 88
99 81 0.269299 841
93 29 0.486128 130
12 51 1.14773 1503
87 90 4.94233 75
59 97 1.02125 168
7 23 29.3929 8
51 63 0.807313 3312
50 32 3.86175 59
5 77 0.547385 123
83 71 0.00781266 9412
61 49 25.3108 4
70 61 1.02747 51
9 12 31.0845 106
22 81 2.76667 81
88 62 4.20285 1013
9 8 3.4783 214
60 50 0.650253 44
62 87 0.0142678 7031
21 46 0.0198221 3296
39 25 0.0137326 2871
24 31 15.4274 33
31 82 0.109027 346
44 94 127.326 19
83 89 1.18338 7512
35 18 120.128 70
78 39 2.9971 1623
65 35 0.00681086 9380
31 40 0.108979 493
58 80 2.50875 1
97 86 48.8271 118
10 19 46.1172 23
87 48 0.558536 55
69 32 0.0323423 7940
47 69 65.9882 110
26 66 2.11036 3526
4 38 0.614882 140
27 82 1.29918 64
22 68 6.06853 25
24 51 93.5467 71
46 13 1.25057 31
41 31 15.3985 116
35 24 1.54969 41
85 82 0.864005 236
30 83 2.59098 2371
47 10 0.791217 13
95 43 0.255425 1441
37 65 73.9668 120
20 19 51.4261 30
58 78 28.4399 2
72 88 20.7583 95
59 51 60.2589 46
64 36 0.267412 199
42 50 0.764706 15
80 66 46.3375 45
70 43 24.7883 42
59 47 0.761068 23
44 61 1.01808 83
16 1 0.205965 4454
20 79 13.1452 0
84 92 0.294815 28
16 28 0.00613683 3957
76 84 0.0683804 2226
6 90 0.0625255 9503
2 59 0.10963 757
23 78 0.486629 2974
42 7 1.32998 73
10 30 27.8047 24
56 88 0.165653 11526
41 32 2.81931 31
91 87 1.35314 76
66 25 0.0101918 4713
56 1 0.196372 2554
12 28 0.00738783 7955
18 38 0.00849849 8681
89 73 0.011176 3220
33 50 0.00832262 1925
50 27 1.57681 13
54 60 0.208907 93
98 1 29.4734 39
91 14 71.7308 74
29 71 0.796915 77
38 49 26.9813 32
55 11 4.16155 1087
39 81 0.0286675 4663
84 75 0.504622 292
47 68 3.62602 78
80 54 2.75728 128
56 19 0.457954 6573
80 10 0.535309 24
49 67 1.11017 1111
19 86 1.41438 2791
95 74 0.0236495 3380
69 81 0.024563 5175
11 62 1.09017 6939
77 38 0.749089 91
90 83 13.5487 638
59 38 0.450256 104
5 85 1.20373 152
35 75 2.54048 58
29 13 1.74128 51
22 69 114.117 22
81 62 36.9754 36
69 25 0.0102221 8726
36 17 49.5285 18
29 79 15.088 3
48 67 33.5835 53
11 7 0.0201616 6770
16 85 0.0215271 7446
12 24 0.0130875 6312
40 17 21.0568 93
16 6 0.96108 5819
36 96 102.875 49
9 14 23.0668 64
96 83 0.967993 703
82 39 31.1972 89
52 41 1.51583 12
85 23 20.1587 83
93 10 0.617042 176
20 65 102.541 100
4 32 2.38418 118
60 7 1.22223 81
27 80 1.3728 95
66 48 0.00702295 4180
24 91 0.749114 85
91 78 25.7024 82
1 56 5.05228 354
20 10 1.04557 111
92 27 1.27841 113
24 20 0.818359 96
82 64 1.29169 31
52 4 1.70443 31
54 40 0.355542 94
46 40 1.63336 102
70 90 7.59492 6
93 98 0.421815 153
63 24 0.0120869 4313
3 30 0.50072 3796
17 83 1.89801 2744
93 18 48.0084 121
32 23 13.7329 158
27 28 0.475012 134
96 17 0.453504 9087
84 77 0.262051 351
73 76 39.4241 6
25 30 29.3545 97
53 57 0.232523 97
27 72 0.578492 108
7 71 0.426008 61
73 24 0.822722 98
61 17 48.7668 17
16 46 0.0106456 10968
16 48 0.00687162 11385
25 37 1.5336 14
96 27 0.0157603 7902
95 5 0.0246694 197
25 27 1.45725 108
26 11 1.80615 4629
7 35 0.415584 14
85 89 46.2922 121
23 3 1.07874 1859
64 70 0.270773 42
70 41 1.28555 84
63 75 0.0207417 4821
20 6 93.3316 15
38 39 80.1784 64
89 13 0.0129181 5810
93 22 0.4187 58
80 72 0.433144 220
31 27 0.0757876 731
63 46 0.012701 1793
23 94 2.29992 1223
49 20 0.0432956 1103
56 50 0.00708079 6144
84 7 0.404566 3
90 63 12.4256 241
36 45 56.3152 40
13 72 0.613237 94
97 61 0.495774 30
91 33 113.902 1
8 48 0.0737065 10
40 50 0.379781 25
24 55 15.8455 123
19 34 0.0169283 2783
18 86 0.960013 1187
39 78 0.30831 6260
25 48 0.719118 99
84 80 0.505326 218
72 91 0.905052 95
43 84 0.174438 375
24 40 1.71584 39
94 4 0.0110645 9286
19 98 0.0130646 3416
28 14 89.4006 52
28 81 3.27806 68
21 3 0.884718 950
62 25 0.0102496 6659
16 38 0.00730605 8891
30 33 2.96955 1804
84 50 0.229221 57
0 80 0.23664 319
10 25 0.804455 36
77 43 17.483 21
98 1 29.2171 22
17 54 0.120707 4510
73 6 75.3801 66
87 28 0.509278 80
59 97 0.988606 170
91 33 114.893 17
31 2 0.818647 2004
79 76 3.51302 1351
91 96 95.3696 73
99 25 0.121057 81
47 97 1.27993 4
36 67 27.4703 3
53 48 0.185755 266
43 36 0.0412323 1775
4 8 6.96132 22
59 92 0.62482 16
9 63 32.1846 23
61 8 11.3913 68
78 1 0.914075 987
65 25 0.00893076 4971
37 10 0.672146 155
26 15 0.027497 3335
67 37 0.0557234 421
91 57 0.966853 36
33 45 0.437466 2076
43 35 0.0349104 2081
90 63 13.3462 23
71 89 158.526 36
95 57 0.0115674 5132
0 68 0.493847 514
60 98 0.560196 99
65 75 0.017602 11576
57 47 1.3808 17
25 23 50.5278 81
75 25 0.496353 60
53 34 0.246858 54
23 25 0.0185364 2509
61 94 126.223 26
64 99 2.54121 22
64 9 0.89297 267
25 44 0.805398 7
42 87 1.178 87
33 99 0.0735354 8343
63 56 1.15529 9749
56 77 0.00907655 5219
9 56 37.1276 210
65 79 0.120427 2099
92 76 42.8576 36
76 31 0.353427 4070
97 93 0.986403 80
68 30 6.6946 59
45 20 0.020234 3028
82 1 10.4805 19
2 62 5.94874 918
53 68 1.20381 168
49 96 4.17599 53
46 9 2.10418 80
46 25 0.824739 39
28 31 23.9037 53
25 28 0.653356 91
60 1 17.6132 71
8 15 0.139952 533
29 81 2.59727 88
67 38 0.0315078 1202
73 22 0.619781 130
86 53 0.0455879 6132
94 52 0.00640204 1249
30 64 0.0861736 101
3 50 0.0141057 4023
24 14 54.0208 28
90 66 13.3298 404
51 28 0.00598728 9362
87 3 43.0358 14
35 31 24.0512 73
20 25 0.968739 22
47 74 1.26859 24
18 60 0.0128059 1981
36 19 63.6774 93
80 78 11.2366 85
74 41 0.649961 108
80 76 23.2188 130
9 5 0.637344 202
18 82 0.0239228 2261
87 7 1.14009 21
65 24 0.0104081 1350
25 93 1.55718 7
72 78 24.3946 88
14 45 0.707447 692
13 76 32.8632 37
53 14 14.9381 101
49 43 0.894899 258
84 41 0.282836 323
37 49 14.5018 10
25 95 73.7252 82
52 21 79.4462 26
74 58 0.445453 180
72 41 1.20071 6
11 82 0.0244096 6002
47 40 1.5703 72
58 69 113.265 45
74 61 0.502805 182
90 6 14.2775 619
63 98 0.00850276 9781
43 66 4.7045 2030
67 53 0.149377 824
43 47 0.0626833 462
64 27 0.463848 74
64 23 14.8746 126
87 57 0.663928 132
85 80 0.864426 20
29 88 20.7579 93
53 69 23.7144 162
79 77 0.0786718 1468
77 25 0.918619 47
79 42 0.0819167 796
21 5 0.0291081 1979
90 63 13.2506 371
57 69 99.0995 18
16 0 0.0856173 5168
9 86 30.2529 134
97 72 0.501363 84
92 63 78.1145 61
75 13 0.735421 216
61 49 23.3263 67
60 46 0.918566 112
89 19 0.454487 3537
24 77 0.908807 17
51 31 0.153475 11108
87 64 2.27159 120
21 0 0.14279 2440
88 9 0.130036 1524
99 90 0.762168 127
64 22 0.259244 154
64 81 0.749028 272
25 35 0.692584 107
41 38 0.678818 15
58 51 122.043 90
47 23 36.1446 103
71 94 146.542 62
29 36 0.880958 66
14 41 0.0161061 856
31 39 3.83463 1883
70 17 50.803 76
14 22 0.0111465 120
66 57 0.00888571 6422
60 4 1.00209 39
38 52 0.832912 19
11 65 1.34173 4019
66 57 0.00849271 7382
50 33 109.758 38
75 97 0.870762 78
74 85 1.41927 108
8 23 4.75728 758
94 30 0.259243 9272
69 88 0.208835 10009
33 41 0.00983486 2755
65 88 0.160287 3963
71 39 95.5799 1
20 51 98.6903 55
70 85 2.83476 49
10 49 18.0578 87
74 15 0.760364 155
35 58 1.0982 75
57 36 0.940022 46
4 8 7.30962 40
61 76 53.1717 88
90 85 0.332865 700
82 81 1.01329 110
71 94 155.553 46
90 93 0.252107 271
25 93 1.70992 26
65 75 0.0179298 8039
53 54 1.49787 246
97 29 0.492848 96
2 36 0.0558715 947
41 28 0.632739 112
42 52 0.605982 122
13 57 0.563613 128
34 13 1.44452 66
99 79 1.55868 277
38 15 1.57405 4
81 98 0.341057 202
66 87 0.0138191 7089
47 86 62.1407 7
0 65 11.4513 159
8 76 4.73322 421
32 23 14.5768 47
53 7 0.422285 205
6 3 0.538776 7358
16 19 0.497702 4943
97 38 0.477831 89
40 83 41.5419 136
57 70 0.863094 69
45 79 0.290935 5294
61 60 1.36493 63
96 34 0.00984863 9765
99 81 0.269545 649
51 18 0.737678 10919
56 4 0.0115698 3032
95 20 0.0135706 3657
22 36 1.0992 7
31 79 0.763388 1644
68 22 0.154477 470
39 45 0.645174 6584
47 64 2.31903 57
81 78 9.88852 208
32 72 0.277183 332
51 8 0.0881291 990
77 22 0.63509 115
93 55 11.0058 105
23 19 1.07697 267
99 98 0.0911317 547
30 81 0.0628876 223
96 53 0.0398184 4910
71 0 11.9744 19
45 82 0.0405708 2705
86 62 1.04213 226
81 73 0.541202 57
45 74 0.0343139 285
50 0 10.5775 28
94 78 0.198515 12384
78 95 2.98322 310
84 40 0.517898 354
93 73 0.745701 109
81 82 0.928027 179
27 43 12.4417 38
42 97 1.34494 1
0 80 0.221773 699
51 52 0.0065314 6641
8 65 10.5254 903
85 15 0.543067 225
68 97 0.344399 178
97 67 14.9298 96
25 79 12.6231 53
23 89 2.26231 2499
45 29 0.0177134 2920
32 50 0.252054 105
24 4 1.04783 0
41 74 1.49544 64
26 7 0.0352567 2422
30 8 0.299031 270
75 18 41.7315 37
18 19 0.635126 3873
9 61 0.28233 222
26 34 0.0186443 679
97 82 1.2745 71
24 93 1.47818 49
73 70 0.627166 11
59 85 1.37931 126
16 39 0.625221 2807
69 15 0.0138649 418
58 91 1.03512 84
22 47 1.61686 58
68 10 0.24064 229
97 23 27.6854 180
44 74 2.06227 57
71 22 1.07893 38
67 83 3.2473 558
39 38 0.011305 6961
48 62 116.425 48
8 6 10.6817 937
26 50 0.0176159 1824
74 47 0.703172 104
63 23 0.504425 7353
42 58 0.743055 34
51 20 0.00898673 9654
83 42 0.0115474 7749
69 91 0.00910808 9342
58 27 1.69471 20
67 64 0.11857 539
16 60 0.0109008 2266
82 53 1.8095 116
99 67 2.94411 476
71 10 1.52156 21
14 63 1.31413 4176
20 15 1.18623 23
26 16 2.10495 1527
80 25 0.458527 82
82 0 4.15555 45
43 52 0.0336701 1546
27 26 30.2856 8
25 61 0.824015 27
67 1 0.899238 1337
39 78 0.330116 2203
55 93 0.0767933 1856
47 35 0.555798 101
32 67 7.85473 250
22 98 0.9461 41
16 66 0.827883 10762
1 50 0.036818 2360
56 81 0.0186699 7765
76 87 0.0242768 1910
50 54 6.71535 61
90 51 16.7035 509
70 26 52.7255 82
40 66 43.6849 145
89 43 0.176289 9186
36 77 1.15738 67
72 50 0.932223 38
15 84 2.55576 100
60 76 38.9813 9
42 97 1.46381 0
68 55 4.02681 246
46 95 56.2712 80
26 45 0.986829 1882
87 64 2.18249 20
95 36 0.0120071 5986
62 70 0.008378 5581
10 94 97.3944 63
2 90 0.416674 516
56 1 0.203016 3938
97 33 61.7833 159
29 78 26.428 87
68 71 0.143948 78
65 64 0.0243571 2126
1 13 0.0659994 1051
17 76 1.10069 1297
23 91 0.0182351 3337
16 41 0.0103044 4186
30 73 0.0368285 2143
5 41 0.602875 130
30 87 0.0372954 3448
33 31 0.163696 7738
38 43 25.3398 8
4 64 2.09955 26
8 68 0.491463 593
57 47 1.42153 77
10 6 92.5788 27
1 54 0.23709 329
84 26 11.6172 31
71 73 1.80288 72
6 87 0.0121417 5199
22 5 2.20945 46
46 38 0.680764 21
56 45 0.421474 1416
85 18 37.3879 220
25 3 57.9664 108
86 87 0.0155961 1662
48 54 7.26916 50
15 19 40.9709 0
18 27 0.0168289 9294
50 7 1.88352 32
11 21 0.682943 1997
44 45 52.9978 41
58 42 1.34685 9
17 89 2.38199 2730
46 53 2.96977 93
14 37 0.0225803 5215
29 75 2.03288 13
29 86 91.0576 12
24 9 2.27163 8
91 16 111.087 87
86 72 0.010601 4214
62 10 0.0121212 8947
51 57 0.00809071 9440
97 82 1.25161 2
28 24 1.52263 53
76 31 0.361297 4282
99 28 0.080662 870
85 44 0.34933 144
65 83 0.815699 4562
91 38 0.924228 31
0 15 0.144167 952
69 98 0.0080893 9105
2 32 0.195894 868
64 88 6.70974 88
33 24 0.0107158 6852
48 35 0.927275 55
13 75 1.2864 88
41 93 1.47258 16
91 89 122.051 54
56 84 0.030075 3491
96 72 0.00903534 7242
47 46 0.937712 36
20 60 1.07619 100
31 17 2.43154 786
22 95 88.3402 20
62 54 0.0635242 8756
2 55 1.26633 344
18 93 0.0189702 8258
16 34 0.00892781 6012
39 37 0.0204434 7790
22 63 107.92 62
8 16 11.1508 1054
73 60 0.901352 74
46 97 1.24982 2
91 63 92.291 73
59 68 2.82652 170
64 68 1.47092 286
33 8 0.0891104 6095
14 15 0.0192508 2326
50 23 56.5813 79
80 13 0.682014 1
55 41 0.0509785 721
87 38 0.596084 114
70 52 0.82944 48
87 73 0.879549 93
1 65 4.71001 2188
49 73 0.054323 1327
70 55 23.3015 26
88 0 0.440666 15
97 8 5.25964 4
66 84 0.0380163 1984
86 82 0.0243308 3753
8 46 0.11914 710
74 8 5.56224 144
92 94 91.2743 99
1 63 3.72201 729
41 79 12.5926 43
77 7 1.44063 32
65 24 0.00935739 8986
25 62 83.3975 2
75 0 4.51174 140
30 93 0.0521725 1026
1 47 0.0506864 1844
28 82 2.74911 76
99 53 0.445689 479
60 71 0.561535 54
24 83 71.843 113
71 46 1.74233 74
41 74 1.46206 19
25 87 1.30858 62
51 78 0.214299 7098
22 70 1.10714 35
21 1 0.361635 1059
23 62 1.83972 3051
80 82 0.960792 188
42 57 0.781909 44
35 99 10.9003 78
88 68 0.239692 2164
46 48 0.551491 66
31 42 0.0580769 835
94 48 0.00586949 7658
33 7 0.015593 8071
54 56 19.0902 112
64 51 34.7634 291
62 4 0.0134156 4543
33 98 0.00719748 743
85 42 0.429811 62
94 93 0.0141679 6977
58 95 80.594 31
97 87 0.75584 43
5 60 0.650743 169
41 1 19.7796 90
73 37 1.11966 29
88 85 0.119633 685
79 0 0.622498 1236
22 64 3.53054 85
48 49 27.7038 35
51 98 0.00684817 2981
81 27 0.624592 24
61 7 1.95272 55
61 81 2.42927 57
58 13 1.71536 5
48 49 29.9728 54
61 96 104.079 10
6 18 0.835157 5814
38 82 2.3282 9
71 13 2.19562 30
41 79 12.1756 32
64 96 28.6435 20
92 76 39.5954 111
87 36 0.590218 58
3 9 0.0434284 3714
6 17 0.430752 1440
11 80 0.0232462 7942
14 59 0.0259939 2177
38 33 125.823 47
34 61 0.836165 85
94 14 0.522027 8487
17 91 0.0191394 1012
16 69 0.860509 10274
4 58 0.570114 70
30 36 0.0253743 665
31 29 0.0470353 203
89 42 0.0100015 4065
29 46 1.33936 44
22 30 38.5518 5
42 59 1.51594 3
12 20 0.0116969 8244
1 62 3.89185 2210
67 72 0.0356004 2099
34 4 1.29289 77
6 97 0.0157115 9541
45 67 0.503871 2256
56 76 0.416022 7942
53 12 21.6428 209
18 98 0.00857368 8764
47 56 80.123 51
71 18 118.822 54
98 66 125.978 55
8 77 0.103348 434
87 40 1.56732 11
38 56 136.369 4
65 64 0.0264806 9764
0 77 0.11806 636
26 2 0.333877 2891
29 89 122.559 95
2 37 0.0896812 302
15 65 78.8214 141
62 10 0.011921 890
85 30 13.7951 122
59 92 0.650333 110
57 42 1.16578 79
35 40 2.77363 39
67 4 0.0510062 2035
39 16 1.49345 7253
68 79 2.75692 39
48 33 132.612 64
36 99 8.80418 65
33 1 0.224908 9098
58 20 1.26883 10
13 2 9.75807 149
77 41 0.953683 51
79 91 0.0585575 373
89 38 0.00695093 11697
5 58 0.443908 105
82 75 0.862072 190
73 15 1.06115 46
75 6 52.5987 46
62 38 0.00908886 5468
59 33 55.2314 82
60 43 15.3967 4
82 3 25.5296 137
92 34 0.765049 64
49 54 0.239675 1410
58 38 0.91986 70
98 82 2.79932 6
9 68 1.61098 107
76 15 0.02627 2101
29 38 0.904806 50
90 23 6.96207 179
82 50 0.366856 198
61 83 103.9 37
54 29 0.150174 240
44 30 37.7047 12
53 40 0.550337 230
87 92 0.81346 144
41 75 1.76424 74
64 75 0.612768 88
61 75 2.1058 72
29 53 3.9723 67
8 27 0.138096 43
86 80 0.0248562 9254
66 23 0.497748 3602
49 7 0.0716261 1836
12 75 0.0206127 1693
40 59 0.805144 154
17 19 1.10522 3321
49 15 0.0588632 223
38 1 26.6551 76
14 66 1.51679 2333
73 68 3.42914 14
3 40 0.033547 5201
55 33 5.12076 1313
33 67 0.252769 6287
30 56 3.33327 2185
14 25 0.0159114 166
29 35 0.800354 25
7 95 44.0436 109
82 40 0.979946 54
31 76 2.60742 1317
40 67 12.2377 57
84 68 1.16414 222
72 78 24.7023 96
9 63 31.5282 35
12 52 0.00784302 4911
16 96 0.81222 403
72 95 70.4206 9
49 88 0.875542 575
56 51 0.870646 5576
11 6 1.21199 8474
49 81 0.0964826 1398
82 76 23.6179 20
44 83 101.815 16
13 6 65.8322 82
88 63 4.5436 390
94 46 0.00997302 6335
18 2 0.161088 1218
81 17 19.8477 108
21 65 1.79333 4598
32 5 0.513204 107
81 17 19.7812 209
80 10 0.485736 200
80 86 41.0384 104
32 1 6.57844 293
33 43 0.200288 11200
5 67 13.6428 19
91 33 115.104 71
48 27 1.90079 65
64 74 0.5708 17
11 77 0.0123632 1370
78 64 0.124053 2064
23 34 0.0193577 198
6 33 0.95132 3133
45 15 0.0271496 4339
46 6 82.868 11
13 30 20.5529 71
60 28 0.513712 128
3 17 0.697514 5475
70 65 121.207 40
44 69 108.647 76
26 14 1.2564 966
86 47 0.0146546 4537
81 71 0.299189 232
20 57 0.822419 2
76 68 0.0923257 4691
62 88 0.197631 8162
46 28 0.516567 39
63 49 0.238741 5856
92 39 61.4695 15
27 87 0.888241 24
21 97 0.0252632 1291
50 10 1.2651 13
42 54 4.86865 64
68 72 0.193409 138
92 3 48.9659 115
60 10 0.912685 29
35 48 0.962808 44
1 57 0.0356707 2227
59 3 35.6643 33
75 13 0.716077 197
59 32 1.78998 148
68 71 0.145969 514
28 34 1.33828 21
76 29 0.0177759 4502
20 87 1.30468 31
14 82 0.0337056 1324
16 21 0.531521 10864
2 55 1.2963 202
66 14 0.643239 3740
7 63 54.2448 152
86 32 0.0353291 7921
94 88 0.160647 5584
93 61 0.470007 30
74 80 1.22311 50
30 27 0.0436647 758
34 49 21.9824 105
32 50 0.245711 356
70 24 1.27895 48
86 49 0.257306 5046
82 71 0.323644 170
61 60 1.44682 1
84 81 0.536161 69
38 79 16.7338 65
28 98 0.993352 59
91 57 1.02391 98
62 53 0.0400117 2229
54 78 4.11361 357
44 54 7.10106 84
54 69 16.2832 380
40 7 0.752108 150
92 38 0.693439 119
43 84 0.185953 381
67 97 0.0670069 1914
92 16 92.0967 69
4 81 1.6131 25
88 41 0.0510829 1656
36 23 54.0157 9
91 92 1.16797 46
26 96 1.98613 5003
95 5 0.0250341 5919
31 23 2.49723 1753
39 75 0.0276361 4180
30 93 0.0502806 3370
49 48 0.0313148 2357
65 51 0.897707 6341
59 93 0.978159 96
90 50 0.123955 643
72 56 121.346 42
39 36 0.0107497 7677
12 81 0.0240034 3957
21 56 1.87743 4121
2 17 2.99395 500
53 79 3.65241 346
73 82 1.55845 77
52 21 75.6416 12
21 4 0.0216609 602
32 55 5.89659 291
56 53 0.0304373 4735
30 80 0.0649376 847
72 14 62.0229 78
26 38 0.0178419 2507
42 1 19.7253 54
94 39 0.598277 66
57 31 20.0662 11
47 51 80.8313 87
42 78 19.7975 50
96 69 0.933921 3583
52 45 65.1263 23
7 97 1.00357 97
35 65 138.057 60
95 15 0.0174907 4172
56 33 0.848597 9572
31 73 0.0660943 208
64 70 0.253615 127
18 93 0.0174959 8786
3 13 0.0261273 1044
54 43 3.59438 226
37 91 0.559907 49
68 96 20.3523 282
85 58 0.342348 47
69 18 0.95059 2219
99 18 10.3733 510
25 57 0.918934 48
89 64 0.0274321 105
98 77 1.34823 55
31 52 0.037184 436
36 67 27.4909 71
9 51 36.3511 182
31 85 0.130207 1227
30 38 0.0252191 3413
88 5 0.0930762 2164
12 1 0.239998 7044
15 8 6.81785 123
73 8 7.24641 9
3 0 0.148589 2701
0 70 0.0931869 582
76 55 0.401768 4266
95 54 0.0721252 2853
92 84 3.07719 22
82 75 0.921846 173
52 82 2.74078 65
33 59 0.0163552 1909
83 3 0.636693 8861
39 66 1.24876 4567
43 39 3.60376 677
68 45 9.85272 157
36 31 20.1907 40
44 62 103.637 45
59 3 35.2023 110
67 5 0.0652523 461
17 72 0.0188573 721
84 72 0.231227 31
63 40 0.0214404 1354
68 78 4.75191 35
91 19 58.4438 19
94 70 0.00711801 12141
80 29 0.380653 101
2 82 0.139826 1420
86 65 1.25122 8664
58 83 106.009 76
23 22 0.014972 1190
67 9 0.104372 2151
8 39 7.4304 290
89 24 0.0103058 4174
38 24 1.40857 46
57 70 0.927266 3
76 90 0.119284 4965
62 93 0.0168198 6480
5 23 25.7945 10
83 98 0.00751036 9786
15 53 2.80261 101
38 84 4.6105 56
92 2 12.7645 61
14 1 0.356092 1333
10 68 4.00998 116
77 1 19.5587 93
98 66 125.784 12
91 0 9.56367 21
48 38 1.09132 29
71 9 3.73201 13
68 25 0.21674 426
86 62 1.02035 5581
48 11 102.203 5
71 76 72.0973 28
42 26 38.1425 36
25 41 1.12154 75
35 74 2.20935 33
3 95 1.25498 2910
93 24 0.660119 132
72 39 74.8107 70
37 89 73.5533 102
62 87 0.0143915 6334
29 5 1.90346 12
12 51 1.21966 2081
59 21 34.8934 55
39 72 0.0130591 4640
84 80 0.545524 205
11 65 1.25341 6698
84 90 1.76686 286
82 24 0.526579 173
4 30 24.1909 97
35 71 0.90526 3
45 49 0.437425 2341
88 81 0.103264 1360
32 5 0.531325 7
70 7 2.02298 75
42 5 1.63033 71
20 50 0.792913 88
89 1 0.200667 3209
47 6 73.9854 124
17 56 2.35797 918
76 60 0.0236483 220
53 65 27.1348 235
28 13 1.97631 0
69 14 0.662897 4327
66 16 1.12508 10217
25 97 1.64764 109
70 16 118.96 61
16 61 0.00727611 11112
75 81 1.0963 165
81 25 0.41294 245
6 4 0.0128456 3240
34 27 1.5416 5
56 11 0.724531 9805
79 32 0.227037 93
12 41 0.0116337 4463
1 30 1.34021 644
86 27 0.0161428 7986
49 80 0.0898312 1577
77 82 1.92012 63
67 27 0.0568901 1006
52 43 26.2073 52
62 27 0.0151781 9810
14 35 0.0106124 1317
79 84 0.270007 818
34 78 24.3724 37
61 89 128.712 89
98 83 110.357 39
74 59 0.965949 38
32 20 0.325569 278
9 68 1.64575 270
28 56 148.053 3
34 83 87.2612 100
22 53 4.70843 74
67 2 0.590339 1267
26 10 0.023634 1538
57 26 49.7542 14
58 98 0.903124 23
53 80 0.547472 394
28 31 25.3295 23
14 92 0.0172859 5661
58 13 1.77929 9
99 86 10.2575 722
62 74 0.0173371 9537
54 18 14.6954 456
92 90 5.62251 98
45 20 0.0195588 1915
92 95 64.3669 43
17 26 0.943358 2174
96 34 0.00948635 9134
91 58 0.830127 29
40 2 6.91311 208
17 79 0.310888 2678
51 14 0.550691 11345
74 52 0.414023 138
5 55 11.1603 0
93 39 39.3823 147
91 40 2.23896 49
37 17 30.6056 97
33 54 0.0538085 405
22 62 110.547 23
17 86 1.8418 492
30 37 0.0461468 2348
61 60 1.4596 12
39 60 0.0156408 49
34 55 20.1158 37
93 96 51.5481 124
69 2 0.166702 992
89 83 0.783231 10876
3 43 0.3273 784
64 10 0.373584 297
44 30 36.7125 21
63 83 0.998923 5369
95 46 0.0171948 2717
51 47 0.0107593 4781
93 42 0.637693 129
31 65 6.10275 216
96 60 0.0131109 47
37 10 0.738532 63
98 93 2.01629 38
7 11 45.2846 85
2 46 0.0798495 1282
72 98 0.797907 35
37 29 0.554972 47
12 49 0.237388 4122
86 23 0.546713 57
10 94 100.274 35
59 90 3.59574 143
60 23 39.5799 99
18 15 0.0146038 76
48 55 28.0133 71
31 77 0.0568346 1597
43 36 0.0401822 990
4 75 1.47429 19
24 1 18.9263 48
31 38 0.0445202 1873
3 14 1.05036 4151
10 92 1.0056 50
39 4 0.0172924 6086
6 45 0.466528 9806
36 74 1.82618 3
27 63 59.3544 121
69 53 0.0412209 4261
31 45 2.43629 1706
6 84 0.0356788 8514
90 39 10.3824 646
44 39 81.6555 53
36 84 4.31168 6
42 90 5.48952 48
13 89 65.5373 45
27 66 59.3365 58
74 59 0.9501 102
69 30 0.351086 505
97 65 60.1134 84
50 89 126.884 67
17 90 0.143831 687
88 5 0.0835678 791
99 63 10.1797 60
59 41 0.657255 27
60 82 1.65662 101
57 14 70.4776 79
18 58 0.00885848 9053
31 58 0.041093 1113
38 1 25.5833 45
40 74 0.745624 62
16 18 0.788078 8717
39 44 0.011386 4376
14 65 1.62003 6262
19 14 1.05766 1020
82 88 8.85834 196
73 39 52.1097 40
19 97 0.027696 6090
5 14 33.5562 99
12 50 0.00935056 1635
58 41 1.29697 14
99 66 11.0078 895
11 0 0.109171 9030
57 5 2.03838 29
87 5 1.32372 145
99 7 0.194037 902
72 86 84.0061 30
48 93 2.26357 5
51 31 0.169263 107
66 86 0.878079 10219
9 28 0.237707 87
16 51 0.957688 1176
49 61 0.0392648 238
6 17 0.407194 2531
36 86 94.4779 46
99 56 13.6123 296
73 30 24.4104 64
12 52 0.00797894 5975
61 41 1.20955 94
4 2 10.9477 28
24 84 3.28022 106
90 47 0.188181 135
4 17 33.0446 139
89 56 1.00926 1766
45 32 0.0632448 5353
86 62 1.02592 6423
96 42 0.0118704 9011
38 74 2.07427 30
95 85 0.0330725 151
19 36 0.0149946 5842
82 19 25.8557 159
25 99 7.82593 5
35 82 2.63647 33
93 42 0.60344 122
7 48 0.420219 95
