500
67887 59526 1701
-76021 -40185 4367
-89341 33278 10445
-2565 -5783 763
-83696 -37832 3709
84152 -68166 1745
7262 53849 9634
94412 71472 1093
-31778 -70625 5579
-20303 98796 2903
-6548 -922 1464
28500 58043 2542
21883 -13684 6106
-7642 -94619 4536
67488 -31617 6959
83680 -54764 1498
-51973 96850 4432
57111 61602 18559
40275 40443 12743
37174 -70030 32309
56021 -10916 7290
-87100 -85774 4554
29548 15575 3222
-44398 -24674 4317
-30831 -83673 26877
-28197 -33975 8391
11698 -63877 3418
-26842 -2275 1908
19226 -62572 24037
-89212 -33793 3150
56678 18019 8304
37892 54936 10512
-8536 -2368 2078
3150 -23860 25620
-3857 9443 6477
-68935 -80200 2903
-43417 -23898 4317
77009 -99195 1719
-49115 -41730 6568
-36235 90168 8703
49141 -12199 6718
81600 -35128 15408
60512 -93835 9033
-7683 -2798 6216
-63833 86523 656
-34499 -35498 5515
42752 72176 12600
20282 -48989 18439
-30525 -39646 5984
-47714 -75801 4738
-40764 -27528 4684
62988 -2784 4738
82991 -69413 17770
-26096 -37088 8391
-53201 -40041 886
-65677 -80692 3150
37039 -10109 5706
-74630 -28449 3150
-41315 -67837 5579
33100 -7963 32760
-56345 -36544 3971
34607 93261 10671
30438 15166 3222
-59379 -7656 2437
-15327 7868 12665
61745 -11594 5115
24324 86975 9429
-52180 -43136 7513
-37099 -7834 2870
81921 -97236 13777
96899 25519 11898
-12771 -49245 7644
66862 -35880 6398
21496 736 4116
-54185 -18816 3379
78799 35441 10609
-34137 -50302 7127
-67857 -32825 16343
3626 -17322 10111
-55051 20872 877
4765 85793 12308
81586 -61250 5595
-54025 -39756 8414
1153 -3948 763
476 164 5046
92711 -45414 11770
23995 -67541 802
-4045 -20514 20155
43425 -4954 1022
-74339 -81727 18788
-42758 -39199 7127
-36756 -56623 6568
-8156 -363 32763
42157 6768 8464
13570 -79880 12373
4584 -65925 4024
-87138 -36923 3418
-58762 -19199 3025
-59374 -29510 12128
-40764 -27528 4684
90260 78803 11921
37039 -10109 5706
-16531 -99307 2903
-3601 -95701 4180
16230 12500 22863
-79259 84108 15957
31825 -8429 5259
41470 62489 3228
67880 -29016 1328
76452 -88901 3986
49835 52672 3617
37259 62280 5859
-31778 -70625 5579
-68189 -77276 2903
-55259 -10965 2870
-74227 -62157 20386
-11881 6318 2786
37573 55874 6490
-45162 -32983 2792
-22740 -91645 3709
-6893 -2755 1585
-81352 -29205 7475
-65733 -79040 3150
-28627 98158 28705
-60678 -5710 2246
52110 -90686 14056
-17446 -93937 5341
-94094 58769 13553
35739 57236 2575
27428 8923 3794
-25637 -43513 6493
228 -96163 13677
-19206 -61932 6053
81142 -70720 29916
18657 -68300 5428
-32034 -58536 6568
82069 -72527 17943
45822 53793 4000
-45199 -33114 6383
-31276 -9587 2437
-47598 -22042 3978
57501 -3980 13108
-8010 705 2289
-51392 -78476 4367
-27988 -14972 1908
6878 -15615 11632
81105 -67294 3077
-50816 -35504 5478
-32051 23563 32764
49330 11894 9184
-1153 -874 6549
34624 4878 1446
59369 68177 20019
67558 -26042 620
-1230 -85059 974
6789 1413 10236
7731 -87426 23254
-61559 -3741 2070
51987 -53005 8730
-29896 -75639 5141
68999 -19688 29034
53492 41916 4620
-6393 -1663 678
-3449 -5885 1158
97559 48788 12491
-71533 -40923 4738
28301 12459 3496
52766 50306 3924
-56865 30085 6864
3889 63301 10454
-14102 7598 8595
-21113 -98290 3150
-62753 -16132 2645
23983 -96072 31639
-70984 -19070 1908
-24135 -88042 4024
-69518 -17728 2070
-58942 -81269 3709
18207 -70961 1684
-55582 61845 2236
-91995 -32609 2903
29672 -28684 549
61540 -24705 799
73674 -31648 4275
-75359 -99734 17315
2339 8744 12737
-25924 -84251 4367
47495 55122 3333
-70158 20902 3244
61912 -21342 10468
-3456 -93417 4180
22236 -90579 18924
5126 -78046 10129
-46144 -43988 2830
-48042 -17419 3666
19750 -74812 4253
-38003 -31529 5082
26770 5027 4116
-25934 -11071 2484
50423 53256 3617
20838 4146 21479
-54993 -44011 6053
-22014 -90763 4829
-40175 -23148 10802
420 -66411 4367
-17446 -93937 5341
17168 -60742 2903
-9015 3556 1086
-64364 -16484 32765
-9037 -66308 5141
-77335 -34500 3709
-62495 -81497 3418
-70782 -44506 4738
-28248 -82453 5686
33586 6183 6804
96458 -3031 10999
-7586 -1097 1677
-90307 81620 4437
-33601 -8567 2645
36871 30146 6405
-59624 -43759 6813
23939 34879 7541
19241 3982 3794
-43359 -19323 3978
-7939 -96083 4536
70328 29786 9777
29027 -3463 4847
85841 -67891 2272
-21113 -98290 3150
-6708 2677 3366
30335 31487 6950
-1769 -6188 7998
-42483 -23374 4317
8362 -65121 3709
-10885 -2485 14966
-76592 -38291 4024
35843 1654 7800
29548 15575 3222
-52515 -39453 1916
77941 325 9313
18960 82181 6642
789 95235 23505
-19606 -46574 7045
-11636 1856 4773
82718 -51289 1580
-66883 92660 12014
-52337 -90233 1136
-62018 -16158 2246
-57218 -17666 3114
-11622 -26448 9879
-50267 -14692 3379
-98055 -4238 12805
38787 7668 6117
14577 -62303 3150
81628 94151 12373
-27590 -52000 7127
84689 7295 10105
-91349 -31653 2903
-49244 -40751 6568
-1000 11616 11435
-6738 -8470 7791
80758 -40977 11371
32367 -7248 5259
67923 -28808 1861
-57501 -9364 2645
-47572 -35166 5962
6453 -11304 11280
71610 -14380 12849
51367 36847 2639
-4518 91621 30158
-38891 -62556 6053
-60693 -15292 3368
53424 14929 675
-8323 -2770 8589
66937 -27556 1857
-10419 -4227 4041
-13902 -3701 849
-36530 -8687 2870
47513 24501 14253
17194 6994 3496
-30729 -3698 2246
-61006 -12415 687
-93811 59928 733
-9188 2560 986
63163 -8337 7910
-86641 -35831 3418
26023 -29096 3396
-29574 -11193 2246
-86078 70390 14706
-45669 -34357 32765
-62753 -16132 2645
-20071 -30755 9105
17194 6994 3496
73772 -5516 23847
-11342 -43100 1586
-8933 -201 1254
-46908 -62128 9472
-96801 36192 12910
-44163 -72372 5141
-7698 -627 630
-90349 -92893 4476
-65920 -79963 3150
-30122 -76834 6169
-6540 82533 4827
-32845 -4696 2437
-83696 -37832 3709
-7112 -2312 1361
-67577 -16789 2246
68079 -26152 25143
-9375 7954 12065
-4118 -66720 4738
-27851 -80131 4738
28637 51409 7023
-89171 -20724 7574
-3274 38716 7033
-20071 -30755 9105
-92552 -33753 2903
-76696 -30997 3418
-98883 -15147 12561
24064 -2697 4467
-23979 -57811 6568
-97511 -50385 5190
-26096 -37088 8391
97976 -34119 2425
-39257 -9911 3114
-33795 -8356 2645
-12652 -95757 4922
30614 -3706 7189
26178 -8992 6625
-49496 -40902 4568
-56459 -50254 26080
47784 12214 11527
-19547 99123 2903
-55585 -37473 4705
-12142 -3589 1926
68473 -18825 8682
-62857 -18145 2070
42919 67406 32766
-53647 -41514 7102
24766 -24433 4046
-35687 -36939 7733
13617 -72736 898
53768 46343 4258
-32288 -64836 6053
-55497 -41561 6053
31429 58618 2987
-75799 54123 10310
-73108 -13093 2747
-45306 -33787 680
-28128 -9699 2696
-71930 -27086 2903
18129 -68578 5825
88057 41474 11511
-30776 -8764 2925
-85014 -60538 12611
81531 -52219 671
-30951 -51781 7127
-41303 -27936 4684
17189 -64565 815
27428 8923 3794
39007 64170 4054
32831 778 18232
-34499 -35498 5515
-28800 -44676 7733
4320 -85363 7699
-8899 3744 782
27484 -5852 4847
-41317 -12417 3379
94637 26223 23615
-50329 -80238 11599
-9616 56128 2571
-67915 -14744 2696
-44480 35011 4608
47592 16347 3464
-11794 -659 4069
-52800 -12666 3114
22435 -72186 1086
-10619 8009 32767
12309 -12324 5051
16823 -20368 13123
-21908 -95106 3418
-88035 218 5834
-60546 -14339 2437
-30518 -43820 7733
-83265 51542 1431
-20414 -94340 3418
-51103 93882 8523
-28467 -13044 2070
-50972 -20251 3666
-55770 -12327 2870
-27110 -53342 32764
-38324 -15685 8975
-28740 -2863 2070
70582 -4752 8583
48024 33625 5440
16087 97523 647
22490 47247 681
15680 -73510 2997
-65920 -79963 3150
62992 23932 9011
-12227 -3358 3292
22301 -85781 11743
-65186 -15405 2437
-24082 -12575 2290
31236 -5395 32765
-62842 -20132 1908
-39836 -34515 7370
-74544 -41949 4367
-2521 -21643 10720
-2936 -15990 818
-30208 -19143 1429
-21441 72449 32767
51028 9300 30463
-52269 -38056 4897
-41317 -12417 3379
-20351 6478 10722
-68331 -79244 2903
-56193 -30222 10364
-65985 -45665 5141
27048 748 4467
-32725 26036 5660
-62321 -1906 1908
8500 98057 13355
-90115 -35543 3150
-50595 -30565 17814
-65286 -16314 2437
-56053 -35346 1077
-28197 -33975 8391
-61301 -41843 5579
-7897 -1281 620
-55271 -80065 4024
39584 -57980 32760
17129 -529 8572
16919 -41697 1137
-14197 -64877 5579
30438 15166 3222
42441 68078 987
-70373 -13936 2484
68179 -29157 3621
-42969 -15524 3666
-34969 -6087 2645
51473 37546 5014
28935 -71952 775
-4732 -32689 11118
-97983 20347 12409
14227 -68047 21406
90847 15833 10965
-58470 -12878 2645
-35343 -37693 7733
-38094 -31612 5082
-77083 34645 13909
-53009 -47715 10544
-89212 -33793 3150
42942 31118 5903
-62644 -80147 3418
-28800 -44676 7733
-50207 34379 1428
2825 74138 11343
28560 12385 3496
60584 -6208 1970
44003 -59531 3231
-25579 -87214 5240
-27501 30217 32765
-80115 -39281 4024
68598 -29221 2530
-39029 -10117 3114
-13048 -646 2660
-59105 -80541 3709
90951 27093 32762
11811 45797 8879
-55404 -33936 16314
-45905 -20584 3978
17654 39590 8183
-68772 -78959 2903
-12367 -94638 4922
42697 -11930 6192
-60636 -45399 5579
-55271 -80065 4024
-66653 -41663 5141
-15388 4788 9695
-52473 85515 12319
-52836 -39061 787
-62644 -80147 3418
-60088 -16831 2870
-52800 -12666 3114
52766 50306 3924
28096 52086 5140
-38064 81656 8504
-96910 7299 2392
-22740 -91645 3709
-18356 -96896 3150
-8797 1597 1876
-4157 51806 6962
-39029 -10117 3114
79431 42179 4163
-36346 -8799 2870
-65372 -31708 9389
16967 -64574 6859
-42475 -39754 7127
-7189 6647 3425
