1000
55939 77991 3534
-77165 -71350 2714
-7394 -8179 13209
17916 22215 1815
-48595 -85351 3632
18123 99485 1200
58319 87534 5089
-12071 71830 9054
80599 62742 4161
49909 -42359 1762
-3049 -9009 2420
67751 68276 5316
44618 -57027 3673
-53353 -87495 10514
53158 -43870 1014
52698 -44586 2442
41084 -45135 1655
53375 -46005 1194
90699 70319 3196
46612 -28613 28336
39988 76794 5768
54078 8462 4194
43372 -39140 1496
7815 18082 1289
44479 -40210 1271
-11390 6084 3329
-6447 16214 1116
-7967 -12597 4283
-7836 -65295 3308
7043 -18446 7524
47535 71806 6379
-15482 -991 6898
15752 70173 1085
-1939 2679 15546
-38459 -76888 2225
62734 -33297 1171
63464 -67299 23950
-19753 -75482 17955
54281 -49118 2650
13654 26074 3927
-92680 71956 3692
34582 18293 2018
-4400 6436 2917
51130 68387 4515
-17603 10396 4043
10678 -11610 13616
89458 53919 12132
-41806 -92249 2843
8306 16832 1399
53070 79802 3257
58707 -23768 6623
71926 -88403 23039
39747 82797 6259
3931 -1038 545
76572 28791 2762
-5840 -11144 3398
3209 8090 2283
-75647 2143 2998
11090 -12622 1103
12085 -17176 673
8267 -17650 1314
-36201 -77575 2225
64353 11435 3759
9557 -11627 621
-11598 31664 7333
4656 21695 3086
-17466 27477 2927
4195 -8037 6431
65461 77036 5992
-83183 -41026 6155
-48082 -61344 3533
62647 -15779 972
85185 70846 4602
-10291 -6208 489
46713 83515 3908
45516 -37405 1379
84817 -97701 9236
88255 62279 3534
61552 -21723 20117
50806 -49527 2875
-63982 16982 3293
-95457 87004 2945
68169 2401 1370
-53099 52064 4610
61319 10700 677
88594 85643 7094
-80008 82665 6414
-90952 77979 4083
72801 66732 4899
-13851 -99745 6535
-96681 5163 14488
96713 -5795 2313
3753 -8101 1095
-38711 -71092 1742
29471 16800 6252
-68759 -58995 6432
33984 2009 9975
16855 28327 3927
-40875 -73599 1890
-54336 -37450 21207
41451 -59174 3986
3344 6377 2283
-96522 87749 8352
56958 88815 5628
61854 -34142 1271
-77253 68621 10670
-13929 24224 2576
-4654 -4159 427
51475 -47600 1405
-92665 -21049 23508
-1293 -14238 1295
46806 -36775 1496
-3989 24021 10460
-87606 67231 4989
63478 -12446 3451
-98961 67074 4346
53442 -46021 2442
12418 18168 4623
-64778 -27978 5344
77393 67765 4515
-4062 83882 10609
-36556 -92784 15003
49786 86186 4241
5010 -31023 7390
12275 11591 1399
11031 30910 14615
-75274 -10174 9222
25192 -45646 14297
63754 -15822 690
6703 -1484 1787
42995 -50108 1194
5873 -7068 1289
58190 89365 4690
-32859 -48248 13190
-35799 61808 24697
-26053 -27680 32761
-78190 -93906 5920
51028 69727 4515
86949 69178 5553
-42812 24916 16941
99741 72219 2945
63607 -16507 567
-41491 58868 1146
15204 -80656 12622
23703 -90688 13695
77677 39298 924
38659 -76492 21675
18042 -92982 1994
-46622 -86199 11346
-79349 -17522 595
26764 16213 5907
3730 -10162 8080
97696 67992 5659
-63535 99897 18956
51149 -42230 2251
11395 -10840 3704
54281 -49118 2650
49141 -52016 3120
29533 21390 10107
-57019 -6125 14879
25674 14141 1106
44488 -39673 1171
95832 -44801 32766
38809 -44709 917
-92486 30527 1259
-64800 84859 6615
82112 -74191 21769
13082 -15396 1149
13654 26074 3927
33856 -63299 4693
44742 -38480 1271
35520 6387 10623
-31960 -83596 2051
18856 -10690 2768
-71511 -3651 1295
-71798 -21392 458
84314 72300 3835
8186 -26197 4923
29257 -13254 631
84575 62361 3835
15043 -14352 3559
81256 69730 4161
16423 16363 5017
19919 -14543 11029
46952 -42981 917
-90657 74866 3402
-24479 85502 1991
-79933 32900 13631
-97829 92417 10875
-61502 -74435 5035
55655 74658 3835
51373 -38398 1912
42101 -49243 1295
21351 43321 5639
-46011 -87854 3347
18314 -17189 3404
59766 -37902 1624
-34676 -81574 2051
61734 73776 573
-92602 85367 825
40353 -42005 1171
31852 23702 435
93609 98390 10022
36096 45658 16692
-14413 26189 1067
18882 -21035 1698
-94295 87847 2945
-52124 -83989 3941
-35179 -85829 2415
24687 -29579 32764
42138 -39875 1379
24132 45903 9332
15130 166 3542
11867 -28913 2581
-5902 73183 10135
-89147 91696 2945
62651 99772 14778
6391 -69092 13958
48553 -41467 2074
-26522 -91556 2194
46408 52518 1898
15918 -14280 3968
-47213 94009 1926
7661 -19241 3535
72027 65490 4899
50031 -47358 1271
37296 52038 4354
-37311 -82154 2620
-34312 -83679 2225
51786 -44486 2442
49025 -46497 1379
-9365 -42586 3849
58002 95308 6663
-85716 -61765 7464
-86296 20207 14791
-27795 65383 6598
34379 3958 682
-37823 -79825 1742
89159 60929 3733
-98099 88012 2714
13069 -13914 1448
92502 76190 3762
69243 -3726 5680
-97992 61727 2564
44783 -41240 1762
45998 -42930 995
61448 -16431 582
51882 79899 3534
60392 -36475 1496
-98284 86950 2714
59393 -36179 5555
2950 15102 1647
18203 -127 930
46565 -38744 1762
-13917 9179 3726
17562 -18062 2526
3030 -2736 21111
-34957 -83521 2225
9650 522 1647
37925 -61366 4325
-32557 -78486 1605
8235 -21179 1239
13230 -17181 4166
-58080 -77849 4640
44363 -35823 1271
-10713 -13992 6955
39749 -42953 1079
-14038 -7570 11136
41269 -40874 1271
-60377 70091 1218
-36209 -79893 2415
-89141 77759 3135
61411 19059 8592
18993 37158 8188
-1510 6692 2688
92612 62491 2996
93954 79830 4083
99185 -62899 2360
-92532 85336 3196
32336 50180 1266
2462 31716 9640
-78407 -51941 2495
68479 2203 831
36009 94710 26836
30259 21277 6409
7015 -5435 2909
-10839 59326 23594
81923 99120 1054
-85951 79958 16287
14027 -15924 9319
29370 -65242 5092
-25624 89986 18949
67751 68276 5316
42381 71800 5316
-16120 -93679 463
-9309 65874 5847
54933 69825 601
-63149 -59549 6860
-2776 17031 1426
-48613 -85556 3632
53509 -44867 1100
21335 14578 5443
-77199 -435 1605
-40033 -81934 1479
18027 -1095 658
12721 12858 1289
17432 70524 1769
87277 74737 4241
-19026 51812 6815
54752 70767 4161
14541 24954 4261
-2312 42734 7976
16315 -14533 18070
27566 -32453 5087
6666 13519 4624
7256 -4682 1518
21814 -17239 3264
17045 79727 9191
53755 89280 4690
-14044 5719 6453
54818 -44379 2251
-72336 28580 5422
66261 -31538 845
-45131 -85750 3347
39258 -43866 995
63633 78269 5992
-10139 -13408 2918
-88456 84489 9062
2393 2705 2283
-98506 76932 4807
-927 -16357 4574
-39880 -88442 2843
-40484 -74419 1742
5169 -4135 8079
-60438 -14574 2575
-6258 -518 19303
-80667 60385 13893
12566 15210 1095
24125 288 6819
-96540 60193 14300
41735 -43539 1796
10508 36288 8884
8219 -4439 8634
3136 19294 857
10547 -20200 2420
14430 -17260 1237
-37136 -78844 2415
-27675 21322 9251
-45762 -87563 3347
-38129 -81156 2620
74208 -17704 600
87813 41202 18591
49248 -37971 1762
-3450 -94471 598
-41800 8696 1313
-43580 95846 2268
59208 88290 4690
23327 -1522 4370
5760 -42947 27502
63706 72057 5768
-5674 -15414 1971
1129 64931 4448
-76342 -32720 1523
62092 83811 5522
54728 70298 7055
64511 -32086 995
16752 72254 31449
-25574 14082 4761
80601 75116 3835
4405 9927 2104
-34916 -86871 2415
-45546 -73336 1479
14663 -9764 12473
-1300 16862 1547
69452 -14890 5658
26100 41828 508
42097 -40156 1379
-94230 -609 6094
-49018 94413 1775
64307 -15699 26613
9501 -15652 3071
94320 64299 3257
61111 72560 6502
1034 7128 2477
34534 12573 5442
-36038 -80152 1890
-11646 -31565 13111
9069 8160 1787
-49724 40718 1421
-7323 -90221 18762
2726 159 1653
1627 15967 1518
-26410 -87340 25266
20078 47035 8830
50734 6000 2013
-37201 -87923 2620
55273 6970 1698
6486 -2202 418
40938 -33186 917
53414 -48565 2650
66808 11446 1438
14839 -18465 3023
-45762 -87563 3347
27323 -7945 2012
6733 43090 1681
12800 14093 1188
61021 11175 5696
4187 1446 2104
43495 28029 18765
-71837 -14028 6009
19842 -19675 26323
46498 -38890 1762
87945 -32319 611
8864 5869 29786
-35179 -85829 2415
93802 72820 3467
10539 -11716 24253
41361 -48115 1405
52883 -43745 2251
59085 -39450 1762
-64636 -9187 2546
48361 -36669 1624
3209 8090 2283
83816 74039 6025
6993 19007 1188
-44149 -72686 1605
-66945 -7464 1866
-4142 16951 1314
62626 87317 5089
4520 11943 1939
-55143 -81131 4276
63600 -32580 1079
-38265 -53493 18768
61481 -48398 5306
65940 -9560 1524
-78705 -18765 479
-8435 -5742 2151
-4400 6436 2917
9385 18274 27248
-98556 71926 5216
-21589 96892 607
63168 -14204 818
-1866 5244 2688
-68665 70040 488
70811 -4096 2501
46067 -38041 1496
76318 -95174 8512
51684 -41893 1912
-32617 -58007 3262
68072 68651 5316
11509 -17245 781
43329 -39419 1496
16386 703 1095
33694 80323 860
3641 -615 533
-12385 2992 10263
54201 86017 4602
95480 88322 7697
61332 -53382 13669
-42643 -88336 3085
-48287 80025 2085
14035 20545 4623
50888 -38794 1912
57076 88979 6141
-92680 71956 3692
31454 23707 2541
11756 71775 8477
-35671 -81508 2051
-39930 -28486 10559
-7128 -44453 14227
8463 -16018 8453
-88527 88042 2262
62991 91712 4690
-76463 -41292 6848
-39017 -80228 1742
3029 -13264 6822
65461 77036 5992
3836 40668 708
54827 78246 3534
63853 86776 5089
18461 21705 618
7277 -3101 1647
57721 -43025 2074
-76804 45607 12562
-52124 -83989 3941
75679 41001 2557
-40242 -81366 1605
12071 -12549 451
65921 -8565 1112
21335 14578 5443
7728 52546 9628
21558 37786 674
-37095 -87458 2620
-44613 -77968 1605
-10379 86317 2911
-13824 -19168 12083
-71127 -52727 5816
-51657 -15534 25567
6504 46731 2918
63706 72057 5768
14899 -12633 1384
-61502 -74435 5035
34894 16296 2438
-88150 80601 2890
16548 56 693
41637 -33837 995
15244 -13730 8578
15536 47595 31314
81638 67623 4161
49971 -40419 2074
33734 60939 5113
-91708 75365 3402
7462 7220 1939
15708 -691 939
-11125 59391 1168
-2572 -14303 3941
60515 12776 6315
-37074 -75626 2051
-4231 -93331 2869
56349 -14129 9216
57298 82358 4993
17826 -56926 11544
10613 17240 857
-38459 -76888 2225
62626 87317 5089
-71751 4332 3870
51969 -47023 2650
42609 -15822 14616
44551 -41428 1171
25198 25500 22618
55566 30431 21381
-33707 -77460 1479
632 -10982 1559
38239 -62924 22727
-4433 -97278 21108
-45257 94457 2090
47535 71806 6379
39724 -43879 995
-85341 -18274 6599
-91397 82207 3467
51765 99411 7996
21505 -16840 7983
54090 76953 3835
-95008 70148 4807
21321 80601 968
49622 5867 12653
26189 33996 7546
-51999 66820 2031
10231 -2559 9271
40673 -41938 1171
-44345 -79485 1479
-71748 -30001 544
90190 73608 3467
481 35171 8084
52390 -51129 2875
58027 83161 5659
65380 82787 5522
-39682 -83400 2843
-30817 -34153 2207
-1144 -58011 12864
-91250 78598 3135
22902 -15941 12169
16535 -16835 3718
6478 10706 1939
-75701 57616 11577
-95384 69223 4006
15285 -7111 1166
-41955 -75214 1605
-11756 25702 2057
-738 74347 2296
-69174 -88928 6335
-22979 -87496 16536
50058 66247 12544
15589 72365 417
65782 87703 5089
12101 16152 1009
-89894 81753 3762
-68885 -5363 5826
13154 36505 498
-29793 16688 5166
68149 -94970 7845
29140 39399 4080
-92489 74014 4430
897 -7789 857
-2680 -9862 26518
60911 12985 8409
48488 -45165 1496
60413 10625 964
56937 -45039 2251
-98899 74698 2714
4500 -16230 8463
7525 12246 1787
-15679 84401 15660
2858 -1314 7060
-35629 39429 8222
57428 64362 725
49484 -38954 1762
-89269 85310 3467
53979 37314 2421
-39259 -84065 2843
14793 79574 4698
18353 82736 6374
-22677 -66752 9560
3111 -354 1965
28720 12330 3361
-1608 -15649 10976
10787 -18246 5067
93954 79830 4083
-5271 61876 12979
-12544 -15234 7259
11404 16826 930
59417 -97300 8676
43061 19448 25209
-20437 98144 1387
62561 -16515 1306
63595 -15117 810
83816 74039 6025
-12970 -14684 1100
11415 -20257 2632
-87552 83310 2663
49940 48389 18654
38329 -45649 1014
39084 -45597 845
-3059 -8617 1226
1171 5125 11222
25858 43042 1159
-21428 12160 4387
61068 -35207 1379
-69645 -27950 2228
-33274 -40215 27811
41459 89088 6791
48942 13162 10884
92228 66970 3534
45623 94807 7369
-4308 6792 2917
40279 -32603 845
-84300 73218 12804
46437 68704 4899
5289 -1834 1225
52374 -40119 2074
16183 69071 1287
6090 769 1939
47582 -37676 1624
96580 66290 4716
-98961 67074 4346
61111 72560 6502
39695 78357 748
44679 -40781 1079
-36968 -74415 2051
-41180 -97409 2415
77489 66366 4515
-91397 82207 3467
-2111 -17726 1644
-31326 -58562 10224
46437 68704 4899
11223 683 1518
-76252 -550 1104
40930 -46716 1525
-96226 -61041 2201
32635 18746 5639
52710 -47056 1295
44497 -96197 1629
67066 82560 5522
77958 90535 10961
-13825 9505 3726
4784 -3890 13983
19232 38058 4962
44009 -50641 1100
33240 51255 782
97436 52513 3102
-42841 -88377 3085
24943 -2501 15942
4124 -11579 5076
3429 -14686 1612
-58551 -78263 4640
28370 -23529 32763
51969 -47023 2650
15412 -13647 1271
96795 71363 3196
53106 73375 8403
-3447 -14087 2279
-11740 23690 15094
63542 -19375 17704
94320 64299 3257
-65588 39150 1380
-77932 89401 757
-37800 -79111 2415
18815 4002 1041
91152 77090 3762
3753 -3068 8119
29290 10449 17341
8199 13823 1647
42489 76129 6922
-77916 1274 2325
16136 15106 5017
-22373 67008 13939
52390 -51129 2875
3970 13722 1787
45104 -42406 1079
80095 71154 4161
-64138 -69901 5463
-79519 -16856 6129
-2740 -11836 5521
-7286 7385 3165
-49198 79810 981
-42237 -75610 1890
10445 9184 1647
6948 207 2577
-33148 -85372 2225
-77594 -18323 684
52551 80762 3257
44618 -57027 3673
47560 -55082 3385
74248 -13106 940
2542 36111 10105
20310 -33247 7531
-44438 65760 24012
79239 78536 3534
-89032 88631 3196
15406 17996 865
-71030 76385 5569
50909 -40111 1912
-70638 40407 11268
-51749 -83439 3941
53904 80705 3257
-7352 15642 1029
-41500 -69589 1479
-39259 -84065 2843
1739 -8086 930
66199 64825 9997
59208 88290 4690
18483 -9029 21423
40194 -42956 1079
-22808 -12914 13178
52374 -40119 2074
-37203 -80271 1890
48637 80889 3257
39353 -44759 917
-89289 94520 2714
-38679 -27031 1995
9097 -12259 521
-68197 41288 2870
-13675 -48350 10410
44807 -38922 1624
-71229 -71681 4649
9063 -19680 763
-5385 -9083 2406
-92741 -17684 14386
-95457 87004 2945
13500 36149 5968
7934 514 1787
-90323 83933 11800
14448 982 1977
55939 77991 3534
95595 -16158 684
42955 -42121 1948
-83430 -87803 3025
-31670 -79903 1742
-15296 25176 1259
12656 -11363 26187
47045 -25249 4942
31380 16619 4990
32870 24813 11291
30183 27953 6954
-55086 -81147 4276
-367 -18651 2089
66212 78520 9371
58425 -41163 1912
54752 70767 4161
-54071 -63701 627
4838 -7746 1188
8460 15383 1518
-10419 8411 3434
9187 34298 11240
61661 -98794 7230
-41554 -99697 2225
18694 -873 857
50478 -22774 1495
-78419 -18053 885
85390 84594 1814
14154 -22640 1631
17635 10936 11209
29009 -27508 637
-45106 -12707 21320
5979 19529 1095
87372 -77892 6232
46649 -37367 1496
-70953 82893 1072
-22187 72915 13867
973 6193 2477
-37142 1378 968
-3104 -4714 1378
-5364 16637 1211
-38670 -74473 1890
64209 -9668 1046
-41948 -85306 3085
-11149 63928 590
270 16497 1399
79239 78536 3534
-1337 -19815 1403
12674 814 1399
73761 -12206 1019
55438 19022 6488
3283 2331 2974
-31270 -84934 1205
-39540 -75045 2051
-35769 9306 1847
-68125 -10007 2761
12797 -14208 425
-49139 -86313 3632
-79933 32900 13631
-9076 54796 31254
45186 -41685 995
15251 820 1188
-98099 88012 2714
-18189 64036 481
-5074 -1301 10440
50011 -9663 24823
-72930 -33354 12018
9344 -10868 1009
45046 -50840 1014
-9641 16961 11795
57165 77159 5418
49466 -10688 17594
60737 11710 1143
89177 -18308 14231
13154 49480 21686
50393 -42601 2251
11609 22532 4261
-71605 91598 2025
44986 -38986 1379
-42361 97870 2461
84385 80290 6537
91688 66737 5117
18366 -557 4812
3971 19610 930
-24352 20129 885
14450 2393 6581
6745 -6047 1399
60243 -88081 6121
-14471 -23628 905
15787 17494 29121
-81056 -35834 7430
30917 -49918 3037
60458 77112 6259
-59268 -62607 19516
-40274 -75761 2051
-33571 -74474 2360
-41948 -85306 3085
76366 63675 4515
-3118 -143 4484
27905 -5114 16415
-17603 10396 4043
55094 -46707 2442
69104 1476 735
45839 -42382 917
48262 -39397 1912
72730 67154 4899
53912 72963 4161
-89863 -31343 3727
9546 -19178 12372
-43728 56982 19612
65412 -31768 917
11155 68598 6756
51786 -44486 2442
98194 80158 4430
-9448 -7851 1763
41147 -41078 1271
-38063 -81612 2620
53578 72802 5879
-69923 -15759 2386
63976 -14274 953
20728 75184 5772
73271 33134 6507
65985 -18024 3173
-8876 14283 11350
5642 46 1939
4187 1446 2104
-67185 -42889 10904
53070 79802 3257
86585 76090 4241
-4604 -12055 434
7500 63730 11918
30807 16739 13088
-39322 -80566 1605
75225 -22494 4782
-31426 -81701 1890
-73427 -47122 6311
-67641 -15477 1133
25337 13193 2122
91868 67107 5117
-81792 77803 9833
-55810 -72349 26664
-74686 -60396 2819
-10466 8238 3434
-46954 -26491 3152
-90445 3972 1996
47786 -42701 845
-42643 -76593 1479
-3838 -11528 964
39747 82797 6259
52773 -42243 2251
-10063 -7507 6338
62038 -27295 12320
48021 -38107 1624
47193 -54617 3385
-5478 -11818 570
88634 81003 2415
6812 43922 4620
-42478 -72747 1742
-79352 45973 12562
60004 -61255 6384
3992 47212 3165
11243 -6056 4014
52765 -31320 10896
11517 10346 1518
14015 885 1289
46505 -42958 845
51849 -22646 1136
5053 9275 2104
17394 407 1009
31344 93671 9295
-29323 34845 6818
48304 -39329 1912
-36830 -76547 2225
23445 -27958 31529
52017 -41765 2074
2704 -8167 1009
49957 -37231 1762
67066 82560 5522
-10334 34821 11158
67592 -9735 874
-72301 897 4479
-66671 -64805 5928
44200 44029 9461
-70237 -5669 3345
42406 -34531 1079
-2643 78472 11903
-1607 6235 2688
-7302 7313 3165
23719 29407 10784
10957 -12761 15357
61496 -4820 10595
45435 -36599 1379
90754 -63967 3703
44874 -38722 1624
372 3960 2477
55852 -47117 2442
46608 -41044 1912
68149 -94970 7845
4938 19674 1009
-43821 -76495 1742
43341 -35156 1171
12497 -15746 2646
48802 -43638 1624
5515 6682 2104
99722 -71678 16462
49971 -40419 2074
73917 -3938 3735
-39681 -88330 2843
86413 2607 3657
-502 -18341 1982
-7510 44987 5178
38574 17810 5903
-4812 -15619 656
88947 -44632 1936
-87624 85866 2454
7471 -14563 1439
-80465 99145 17173
12291 -11534 3033
10416 -91539 581
81690 -10739 24809
-93083 -70943 16420
-71860 91108 7743
38627 -4535 8031
-52670 -64199 7392
-71447 49287 13440
-40321 -82905 1479
-96424 89708 2714
-5177 -11680 4671
-43427 -89771 3085
-41134 -94894 2620
-93058 85092 3196
-40036 -70072 1605
16319 76333 4098
-6620 -35657 3765
58427 46670 2216
-10438 59892 13279
53527 -42647 2074
58190 89365 4690
86958 69184 5553
544 37562 661
77393 67765 4515
-26714 -92571 9583
-37664 -72573 1890
50136 -53101 3120
2850 3395 10082
56747 -8975 7180
14324 -14991 2506
56509 74354 3835
