2000
19528 -54576 2165
5433 -3337 4958
37751 26040 2511
-78622 43994 5684
-4695 -93779 6722
6062 20154 392
15254 97852 2985
49690 46143 1023
37256 13151 1669
44536 52136 1013
72890 86161 2317
65862 37985 1418
41760 20262 2511
-83235 -33121 2015
47006 46427 1568
25370 30670 1734
12495 -22441 1857
59395 60407 1058
17875 91138 3474
50752 46502 4021
88325 -90283 1190
98867 28111 13677
71829 26145 1638
39725 58971 3013
90867 -85156 3301
69355 86330 7726
32839 1208 13370
27955 15467 2981
39157 8701 1418
39256 23401 2511
49430 47664 2394
-6236 10180 3923
-36267 -98586 1620
46908 82438 1896
15690 6988 12919
51063 42189 3777
-53670 44123 13116
45895 40804 1523
36431 28298 2724
-8251 16430 395
31611 19424 1811
16952 -10 5491
-52231 15518 5348
43582 50243 3269
20135 63253 1734
83254 -71171 6275
-27956 62065 5474
49246 37739 4098
50144 30480 3481
-1800 2806 7293
-916 -92498 3481
-485 6387 457
19523 12856 635
20463 9475 3790
41206 11649 1669
20422 953 993
21430 17830 540
80925 -77332 13546
-10445 -85496 2511
44308 12914 1669
11475 97635 4210
-95413 -62112 18405
40811 10075 1538
66880 79843 13828
27950 53245 763
-8718 -52559 3417
-18108 12017 822
69617 78649 1540
-5087 34963 1737
15714 9810 2865
44416 10960 2042
36971 11203 2174
27153 51411 1701
89973 -14026 8997
-2099 7763 2831
37530 37484 3481
-52291 97890 3054
1996 12055 7798
68633 77497 1420
28132 -8733 6050
26856 18684 1418
45087 12087 1538
68090 -27883 8638
6490 18870 4047
34671 57869 4520
50242 48692 2003
28999 45594 1622
-75051 -88729 1661
64945 24949 1965
55373 71361 6048
56259 32584 2397
49411 15728 6687
47636 88814 4075
-17002 17021 1670
-89194 -54391 1154
38820 46058 793
7764 5148 385
47245 64879 2769
27457 -6243 335
51642 34985 2823
62139 28150 2314
21106 17374 386
10029 15039 1060
-4867 629 7039
36486 19811 2777
13561 2366 6102
2092 5358 1945
64652 38680 1418
5843 -95809 4098
18487 -67453 6862
40089 10929 2404
15417 31119 1701
34037 19319 1965
93830 69999 1064
22053 3657 2237
58878 47086 4917
40866 22617 2133
24065 7800 1165
47028 48060 1701
90564 -11520 8422
27355 19194 1965
869 4719 768
13905 -383 5617
59135 16670 2133
54577 41297 3481
4531 2204 3814
-9385 -73443 1669
689 6563 1862
-7598 4840 16482
-16647 4351 4556
-98542 72183 3548
8795 13492 983
-51563 90995 932
26281 -25089 9843
40418 13377 1811
-84950 20011 6885
44362 86673 3756
22286 20898 2115
-41663 94990 12250
15889 92498 687
51283 -19291 1877
-3406 1827 5805
4958 21382 1648
-82480 38556 1715
12591 -99761 959
52233 21201 1701
-907 6729 605
65245 81607 802
73371 25837 1509
62262 29193 2464
7298 5262 1280
12755 -42447 4688
12157 5204 1138
27198 13998 1538
45448 8670 648
-66261 -6318 3746
7854 2455 492
45884 13203 1538
93460 -38810 4054
47228 44485 1192
19239 95790 7895
59856 30012 2036
1664 3882 328
-16456 -83569 1965
-95060 -70180 5304
11859 -2202 7769
22674 40050 2314
28894 41408 3777
33206 57415 4520
-41628 -43079 2375
42317 20050 2511
42876 17037 1669
64289 87255 2677
28236 -91057 3276
66910 36945 1538
61377 31691 2511
24093 46951 1669
-90263 -29013 639
26667 49886 609
44183 15201 14519
-81837 -36185 3019
15285 -2594 10588
24542 11739 339
18170 19400 21794
-11007 -61570 3608
51821 46621 1204
41440 73185 6688
-2237 -59410 1376
23461 86342 6502
41081 14020 1418
22317 14909 6352
838 13659 2385
23054 -99709 9268
59108 57166 1246
-53940 52925 17079
7313 3450 4202
11824 -9161 430
68214 78179 1420
33606 -12521 7878
16703 12097 3105
41201 17190 2133
10708 16611 2089
47068 14086 1418
88598 -66625 5230
-19618 -15746 12522
-31064 -14525 12723
-9599 -79111 2133
60636 43066 2956
28293 28435 2724
59961 14797 1965
3243 6139 2693
16142 -10846 944
1293 2689 4328
-80918 -58454 5698
41991 39159 3318
40398 19670 1965
64609 79091 1024
94565 -54798 358
-36091 98173 19658
28156 31269 2956
43232 9360 1418
-76819 -42840 782
20279 -87161 9392
37077 75663 5221
23451 96116 5681
32563 62079 4904
-92847 -31525 7142
17108 -26904 4178
23341 40702 2314
-95793 -40018 1700
-81635 -85805 1141
47337 59234 2510
10032 -3460 2574
66854 91521 7726
17349 -26308 1192
22081 -26620 1453
-27869 75100 10708
-5273 -14501 13077
1056 5965 6140
90487 -41920 1867
16610 -299 599
44994 85939 3756
17557 12583 2745
48702 15167 14442
66758 82004 817
36996 59928 2776
14729 -2698 880
64546 30878 2133
17137 5482 4620
35461 9694 2003
-10033 -2223 2771
97322 -61209 7233
-17582 14392 2496
22179 10243 2122
38423 44330 3415
-51834 -98320 3942
-48091 76213 11747
16081 94324 1686
71086 87765 2095
15411 -10857 26025
40683 15217 1538
37194 21954 2314
56131 -75750 4918
38146 55271 4165
15657 14942 5918
-95402 37692 482
-12374 -17243 1279
41121 32925 3923
-24083 -82970 1418
76747 -31996 11649
-73138 -63661 4801
31518 56164 1148
76180 26820 1282
-88855 -65320 815
61443 15032 3541
17632 -26138 3020
-20008 -87976 1846
41760 20262 2511
8527 13357 467
26872 -14764 7505
-50542 95692 1044
35292 20806 2133
-47246 -11956 9152
57837 56906 1352
16107 29487 1538
40422 18257 2314
15823 -2988 501
64987 53083 717
-87883 72880 3769
40422 18257 2314
40174 55958 3207
25822 -10686 697
50004 44716 2358
17993 -1328 1494
46360 32883 3481
12787 69719 1928
77576 59833 714
25675 96036 976
-13262 -407 1657
38959 23680 2314
27669 12598 1418
19208 -14525 4003
27883 61960 844
-6362 -17000 2252
61290 85912 2121
15037 73084 984
71946 27517 2003
15417 31119 1701
39431 67620 1998
65234 76877 3567
10247 5643 10639
42924 54912 4363
23243 18056 2885
49495 34700 2511
2236 4124 889
62968 27910 1729
39514 10134 1538
42930 3068 7873
13585 98036 3556
-14560 857 1681
60177 67870 4368
13582 -7629 7432
-9447 -75181 1811
66092 38103 1418
41630 18146 1811
-71850 -19981 3159
35375 10218 1538
25750 61471 1846
47978 30295 3481
24842 8002 336
24819 28677 2314
-86235 -27250 6286
28371 49480 4447
38706 14111 1811
51102 49240 2206
28120 61113 916
16994 -753 766
47685 45883 2597
64984 39208 378
44761 8814 463
49940 92727 7875
59961 14797 1965
42778 64245 958
5228 3558 3534
36996 16013 1965
49510 58192 2314
53191 98412 17902
5254 8107 5781
39144 61398 1441
20226 -24197 780
1403 99631 1119
25730 41132 1170
38933 7507 1701
38438 43755 916
24692 14079 344
25733 -40466 2169
27111 47350 1418
88982 84485 7812
95451 79877 567
369 3901 5064
35832 20305 2133
17457 9627 3268
27647 61159 2003
33502 31878 4239
21850 -95981 1376
8774 14001 1102
35078 -12814 2689
3486 3800 4249
5615 -5102 6933
-6106 5635 5278
-630 -91904 3481
51086 -15353 14907
34077 17321 2359
31465 34946 3208
36486 17803 2559
63718 26588 2133
9656 96525 2305
63444 58986 2003
44579 23586 2724
4387 -13321 17717
-92086 -36045 2106
8362 -11569 324
14240 13798 5073
15792 98564 1771
11788 6012 6429
22110 38043 778
67719 24454 1248
40593 25649 2724
88764 82354 932
64751 80934 870
61404 57160 1058
44271 36224 2956
92975 75170 4285
37954 12238 2608
43829 76432 8217
-57767 12891 3826
-12613 -6118 2772
-91621 52212 3206
29859 58558 1170
40551 65819 2168
94943 79684 1446
27609 52596 703
78082 -49168 4934
-81767 -16904 4510
91996 98989 9871
49523 28015 5680
-43503 -84397 9229
7084 17686 1633
47762 33176 5234
-50455 -55084 4763
43085 22517 2724
47496 59007 3261
62938 -92541 5108
-96807 43027 809
57532 32056 1811
-121 2890 1439
35226 44489 2248
14152 12261 15704
95592 24781 5830
7886 25119 7606
25771 19679 3130
18841 5609 10959
39224 47796 3706
-4257 -92559 3208
-14418 -83375 2133
13494 11813 660
-19920 -89747 1701
15088 -10514 417
-3448 -90108 3208
1591 5253 1543
239 13157 4053
37423 19170 1965
40367 79445 7530
-70224 1007 11827
45762 43980 2818
30633 31230 871
12221 1821 6022
59961 41751 1418
-18087 -84518 1811
25771 19679 3130
60056 30051 2511
37802 48374 2647
31009 81341 938
37554 40966 3147
30335 18091 1669
48610 39844 3777
-2089 14932 5828
48630 46615 2215
-8942 26212 12760
-19208 99039 2003
-80743 -29748 2063
36462 17145 2559
45177 62790 1224
38473 79918 6153
63919 47351 2511
33156 12039 1846
-14678 2602 2248
73086 -97515 12228
9353 -20578 4182
-4050 14396 10688
47618 8997 7256
41739 53687 2033
59649 83200 753
5441 2228 5635
28777 20942 2830
17344 40139 15945
26062 21027 2608
68800 -88565 3384
37775 46258 1170
51534 40212 2830
-54654 -52837 2415
40932 45077 1495
-174 4827 1664
56997 -1735 9250
4590 8850 3152
61920 -82529 4177
15297 -24024 4799
36848 14719 2359
-56943 -95214 1536
45049 66378 2552
11954 -99636 2114
2943 -99314 11501
-38533 13307 11562
2873 -13563 1683
83070 -36477 11024
38681 39355 3481
44030 49939 2394
2481 -93766 3777
1874 4740 19749
20330 36989 609
51520 50619 4363
-17088 93353 575
-88043 86160 7924
43061 9785 2215
-98366 -97428 10710
704 -684 2346
42744 14999 1538
43021 58422 1040
12590 -94547 2632
28716 29614 9313
31979 -4490 4373
61469 -98239 5650
17856 -10921 639
45216 49733 731
40054 26025 2777
-52006 98199 1329
27355 19194 1965
44254 30289 3208
-81508 -98913 19612
12735 -4251 648
45972 20432 1669
17648 92827 3671
64808 10194 1418
54195 54220 1727
65615 78283 1206
12691 -3353 5966
28517 60246 994
21108 8564 7673
-67725 95616 493
37858 25824 2511
79915 82880 3381
33900 45166 4098
-47367 38136 4585
51879 34345 2314
35233 84137 2940
19004 -90898 10679
38054 41709 1910
20732 11371 472
28074 25828 2511
48002 62096 3005
60867 82652 3151
39216 16391 2133
21713 95607 3696
53872 98007 701
-207 4148 359
18376 21662 413
27293 51850 778
22789 96500 2921
50729 36902 3481
6209 -9088 14680
45994 57100 3547
14406 12387 6262
21521 -95364 724
61582 28558 1059
19638 -61589 14743
-3997 -1192 2398
36964 34017 3906
65096 78142 1111
59612 85867 6798
32953 7634 19932
-25754 7172 2699
55740 36614 1965
-84742 20741 12934
40067 21754 2133
15693 -10661 582
61684 36925 5789
-26817 -63992 3376
24478 12670 561
63738 -80635 4177
49409 45129 1332
51219 56773 2132
43318 96374 7257
-916 -92498 3481
37668 8748 1846
49072 34585 3777
44254 30289 3208
83826 -99314 2404
73387 82069 1968
37996 -97178 8026
64430 52678 661
41341 68445 2168
45393 11595 1538
26435 36884 2724
-15947 -87828 401
33397 20032 1965
56080 50887 4531
20214 -8446 332
4902 -1251 6275
14720 -3301 3103
44416 10960 2042
17248 28361 1669
38147 45702 731
57492 35896 3147
17423 98416 2550
20823 16709 2658
50978 47617 2215
75316 26003 1701
-52112 97161 4400
97516 71418 11482
16172 -48377 7032
88999 75089 1139
58817 66560 551
59264 64011 763
51863 85130 6670
77756 -79893 12248
41004 17286 2133
1585 -1462 511
69918 78229 1540
12236 -2512 2813
40822 43524 1622
41004 17286 2133
39792 -23824 6318
37058 12193 2174
8249 -69524 3311
55192 98838 12888
63801 52598 609
50971 89344 5835
25274 12861 1418
-12075 -26235 3297
33131 35610 3208
36518 51786 2440
41009 60799 1697
37032 34180 3208
36724 21094 2133
29117 59402 1078
-8377 -68155 458
49003 22984 2003
58721 33136 2901
68953 25312 2174
17177 6758 17224
13077 -27046 6054
37748 22413 3013
89140 74206 523
21262 95160 1180
32247 10517 1701
42466 27781 2956
-97455 24459 7245
74556 -89903 3013
-786 -6100 19209
74725 25322 1391
36010 17188 2559
-73440 37102 3923
8917 15738 637
-37160 -22500 9192
58990 66014 597
58928 31020 1669
39049 39436 2112
37751 -5207 21389
13563 -72287 443
-7374 8437 9697
44213 16154 1538
5301 38844 983
-39186 36127 14895
14940 -10816 14506
-67679 -7146 9353
19850 4307 4295
-30542 82680 2747
23591 46742 1811
23341 40702 2314
39823 91984 3937
-28571 31083 377
51900 42904 2608
53593 59863 5137
93185 -55425 1491
-14183 -22280 2099
67175 18515 1701
-57736 82390 1587
57345 89132 2949
38912 23645 2511
73711 84094 2135
-75073 -56958 2092
31995 61021 2358
38357 66031 1841
68133 29614 2359
-1224 5559 2469
58635 24810 5680
23810 -14425 14453
37333 -82632 6817
71054 79363 1671
-6099 59782 4618
21513 -11100 829
61104 11358 1669
93905 -32714 11659
55304 55452 1591
-8625 6095 396
19433 13975 3034
-96566 -42441 3250
-78885 -13782 4491
-9047 -88211 2724
-5771 -545 382
43405 12340 1669
48630 46615 2215
66821 21859 1669
75620 91382 8383
36602 31131 2956
22426 45716 2359
17924 16903 2450
18471 -5420 4058
50437 39242 3415
52998 53957 4176
-91924 37420 2250
17437 11437 380
46354 47528 933
53669 51757 1669
18484 10201 1761
42552 77685 9332
55928 33050 1965
99808 59786 519
23706 62060 2041
1225 4070 426
48435 35855 3777
27653 64186 661
-40968 -70652 32765
35226 44489 2248
56549 56337 1467
-31944 -93927 4486
-74071 -99940 776
43405 50487 994
-13482 -4935 5697
28258 19404 1846
-50866 69115 13691
81745 46319 2376
43829 40488 3606
11954 79712 2675
25896 14200 1538
-49920 94651 551
183 6859 446
1937 -11765 4140
-31279 35736 3205
41083 10974 2404
69520 -85728 3548
-23664 11017 4449
-33336 -61022 1226
39302 24195 2314
67511 35460 1669
51534 40212 2830
5712 33435 6692
-688 17956 3860
-83587 -44725 6664
60293 -77978 4532
13487 -24414 2544
-61791 78338 5876
-39629 -53886 10937
95020 80812 646
11575 12387 357
61104 11358 1669
-19877 -76025 1418
17135 64346 1473
39516 25007 3269
68089 -88421 9637
28036 44370 1495
26468 42102 1270
47377 11265 4692
14207 96747 5565
37160 13037 1811
34961 13495 10808
82975 96090 9097
64381 28144 2270
16903 -825 2667
40727 -77036 6282
48767 33834 3777
29779 43359 7324
37305 45238 1078
67511 35460 1669
-87864 -29506 7868
47531 31303 3481
37624 44253 994
27063 17329 1811
46612 53844 793
48610 39844 3777
-29742 44179 6229
-4238 1364 1076
21545 -2952 554
-89711 -24365 8020
63685 56679 1078
40362 19013 2314
38885 18967 2777
-12263 -83913 2314
10475 -43071 4553
17263 15733 3989
80793 49930 18306
39512 64016 1998
-44840 2947 20865
42987 41564 4446
65769 32521 1965
-18420 -929 4548
-5812 -88135 2956
43966 41658 3058
9730 -97572 4447
-52683 39379 14942
64632 -64286 585
13104 20353 6012
54971 92649 5897
21263 21376 2215
35774 12541 1538
31850 26996 9299
62203 -83757 16050
29912 19054 1669
16022 -553 2420
85023 64113 13769
29977 46971 1760
-8488 27808 12899
-48813 -57778 4568
73713 -42754 6620
17453 99209 916
20192 -86081 9542
-14403 -2565 17002
74418 23432 1701
59236 40464 1538
7308 -26010 2927
93610 44840 21841
6561 5379 14671
48037 45330 1445
45729 67063 2552
25704 -10040 509
65907 81999 739
51135 80622 404
-10114 -71580 1846
-938 23614 16965
41182 -21942 333
59426 61423 975
-45 -11854 13258
44428 47478 2597
41564 84398 3462
62041 80569 1044
-1806 59861 4797
22925 10739 5882
34289 51065 2248
10550 -26160 5416
62366 32567 565
84000 40074 6710
21712 -10837 7554
37954 12238 2608
42648 13430 1811
-52887 97153 1968
-22333 -17288 334
51757 27553 3208
41564 84398 3462
18410 98197 5235
40813 14830 1965
20547 8667 799
50079 37648 3071
-40661 -7800 6976
-18053 11893 6572
39482 16244 2133
54926 53669 1727
-18552 -81585 4853
34350 12152 1418
33623 6500 1701
-21948 -17459 472
31201 -17598 1403
24212 -668 24774
7301 -23962 542
75590 -6200 14804
66366 -98226 8352
-12985 87805 15782
21518 60799 1034
48767 33834 3777
31139 33261 2956
41206 11649 1669
88578 -93030 15434
2227 -2392 2132
35431 33861 2515
-3448 -90108 3208
-89567 -27817 5065
-86975 -86976 4562
35568 49439 3839
6003 37388 1625
11789 -11087 7612
81921 81504 10894
-8389 48893 814
50752 46502 4021
-13799 -82308 2133
50538 42648 3706
59942 34419 2877
7762 -15854 10965
-16334 -15109 9866
40985 45334 4097
19235 -71597 875
34055 63303 5681
17110 487 611
18040 7491 2223
12257 -13873 14151
32184 36623 3208
51001 46749 2173
27697 21212 2133
-7040 6182 8413
39051 -21313 1165
-34787 -1366 1711
65341 23904 5808
56145 33232 2956
-17711 -57065 359
-2695 5045 7013
26961 29782 2511
39447 52697 3480
40519 48842 2872
-86586 70123 8981
40174 46296 1378
60835 26501 781
50605 45581 1227
11985 11524 932
17163 -1131 3650
15462 99760 8560
-26334 -33932 1953
58582 67034 507
36301 11525 1669
53653 50155 1538
-17617 -84658 1965
-48750 -99051 409
987 2185 1512
-29608 -45170 5043
46077 78385 7257
94048 75451 6745
49522 96063 16705
66136 32168 1965
10683 15442 3456
42066 58386 2956
70137 26366 1777
58062 18616 2314
35438 93375 6688
-94832 -25894 426
-3837 -92288 8741
12082 12841 7922
42122 10334 1538
24695 48086 1669
39358 43704 3415
5589 -11919 4572
51941 66678 5574
-31873 -8942 7116
77883 81636 9286
40120 -45246 1248
-90221 -28321 4754
54414 50447 4363
35233 84137 2940
-21098 -83586 2505
-60031 96312 522
43556 47105 3013
44817 24168 2359
49954 38419 4098
36602 31131 2956
-57994 -78855 9449
42349 10460 2215
89597 41701 7313
-75074 -82855 13455
-95443 38196 1878
22970 18593 2885
-96012 69790 6656
45390 37606 4824
13359 -29372 2080
40593 25649 2724
56584 70606 6048
13798 67618 2865
-12782 68325 11416
76835 23868 1182
33505 14629 11717
14999 -3473 353
38527 55480 1727
-83629 65238 7307
15416 930 1764
23034 44940 1965
16794 -216 8052
35312 29731 3269
80278 94537 3451
53850 52228 1874
-56516 99443 22718
11564 -2189 466
-11353 -34589 10164
55332 34603 9690
32980 82005 2060
-9396 -60980 1121
-4024 2140 8270
42133 50576 4021
33994 56218 1352
9946 13942 11702
52953 6258 6879
44938 77209 5972
42516 21406 1965
22895 47931 2174
29102 -79730 10453
-59616 -55473 1138
-97190 73470 11018
27936 34341 3208
-87600 -71655 1077
28904 17369 1538
20821 4998 660
41991 39159 3318
22700 -2852 2220
27765 19305 11984
39106 12510 2608
-15004 -94171 2314
36300 23275 2314
59771 72044 4026
72078 -87976 3269
35531 -66666 456
62435 12157 1669
58126 31238 2209
43906 57959 958
-20433 -24020 6642
6123 39039 868
-30569 28548 14932
37858 25824 2511
24139 38135 2511
39464 44000 1013
72414 80450 1814
52408 55076 4734
96550 80177 1519
82519 37918 709
20847 7311 728
29817 -98115 2176
-28028 -33932 1816
82975 96090 9097
39048 51557 2647
-19405 -84054 1811
64527 78679 1111
53347 48710 1418
29885 18378 2003
-99086 7672 20824
57899 41655 3208
42648 13430 1811
66353 34315 1811
21883 -2096 1495
18789 -8299 7795
12145 98284 1633
49068 36406 3063
26192 12673 1856
53257 53446 1811
26847 20475 1701
14965 11573 1996
12503 -27069 776
-86637 -90327 3553
59288 76296 6562
12954 -92569 3748
21076 6975 4229
39746 36531 3600
62295 60529 1846
-8196 86433 1158
53094 55468 18048
39912 11686 1669
59787 -78736 4532
6050 16452 351
59158 65415 648
-1003 12659 2371
12687 7943 793
16683 -259 9233
41862 86203 2876
60909 30945 6281
45617 15695 1418
-52606 -99362 663
44904 24695 2956
21867 44166 1965
265 87092 26244
15938 7479 6706
38913 46695 1270
43862 51324 916
36076 14732 2359
30488 55772 1058
-68306 -67330 24303
52171 51068 2033
20340 17726 2658
27996 67978 11450
58623 58251 1246
52070 27960 8804
22375 -64562 6196
-33654 -6894 14103
29227 54032 4825
20644 7949 18747
80255 -95511 2359
36698 11375 2174
452 3876 1073
35621 9612 2003
-21050 -83491 1669
10888 11021 1566
-1964 14633 6137
-7835 -1314 512
33009 35275 3849
-87600 79696 12034
3220 -61512 15183
46701 11716 1701
-28627 6472 2073
22246 -21324 1070
-45954 -95364 2173
42074 19233 2314
-9422 -52020 1332
39843 62127 1841
-79723 -58092 9786
45024 8965 2042
60119 -23589 467
-55711 -49968 827
-9472 -81329 2314
14417 94262 15064
35046 38348 3481
-32489 40563 4935
24444 -11057 11011
41190 20714 2511
39410 21463 2133
43349 47870 3117
65406 25853 1469
15753 -99246 359
62990 -87220 4619
35127 10930 1418
20880 37305 661
35042 -87756 5966
-88414 -36202 4874
48393 -28754 795
11946 -1906 8732
25032 40252 1078
20972 7331 336
-5201 -15537 795
51496 -39388 3750
67196 35707 575
34337 13556 1669
-91376 89144 12811
32992 7015 1701
-1682 36222 3454
41590 18208 1811
34924 -60712 465
-35948 -84750 4543
-55710 53218 13420
-95301 -53836 3417
13841 -5087 341
52493 55171 1965
41136 43239 1622
-32970 22948 2014
66060 77501 1206
51251 91040 4422
45648 24316 2956
96419 -63970 6055
43676 54470 4363
40692 16816 2133
44201 -35436 2884
834 2507 21718
22798 7969 2006
65042 38828 464
44177 21889 2724
42715 58017 3269
61163 13343 1811
10939 13507 2172
-9792 -73476 1669
37095 40447 2291
27662 48716 1418
38294 84209 3190
20635 5886 952
66744 -83289 3849
43137 49487 1078
65029 24079 6291
84233 77803 999
18534 15581 2450
29155 36071 2956
46851 11358 1418
44327 44774 2818
44370 46865 4447
39516 25007 3269
10637 16153 1665
31135 48393 1910
-4812 55112 2184
65555 37511 1538
-4358 -17790 477
19656 19753 1643
-83055 -39087 1528
60093 79462 3419
32873 -71532 18006
-19278 -95544 10628
255 6483 1316
-95273 -25728 401
46667 29117 3208
-59419 -31877 13532
65371 53723 778
44973 61532 1328
52998 53957 4176
74710 93270 8383
71054 79363 1671
40170 13406 1811
29732 61097 2173
82035 -97564 2608
45413 9308 2940
16407 92397 5143
60887 61604 1701
60970 28723 1418
59986 -52337 6581
14895 -85408 3883
22382 1926 2158
28326 18822 1538
22768 45824 1811
24413 38543 2511
5461 16889 681
62655 45062 2724
60290 30835 2673
19704 1983 6036
-49395 27885 16971
-49403 35040 2723
60258 -58019 3074
72951 26286 7487
-33548 -55500 12621
36357 21054 2133
64227 57052 2174
23033 4811 6057
37215 -2815 8543
48667 62446 5137
58989 86060 774
-18693 -98939 1811
62520 -95416 10137
23342 -2054 559
41062 39201 1946
-4263 7958 6615
55018 93692 4798
17379 -3898 1298
38906 81426 3828
45227 52820 933
98090 -13963 888
-11264 -3176 1732
-25143 6033 1419
46638 43248 4098
41552 84866 3462
-63675 -94923 10344
84594 -27890 4442
53593 59863 5137
-12263 -83913 2314
22914 494 3513
64224 26824 1594
-92743 -89215 16554
-15045 18029 2952
2947 6117 1174
49483 55885 3849
-98279 -29979 1681
44247 20655 1811
28044 16320 1418
39693 9787 2885
47229 54290 731
25541 -1601 628
-68455 -59550 4891
-96958 -23601 5661
52687 46291 4021
11209 -37978 3424
44081 25889 2956
4126 15673 5472
37293 14534 2830
36889 55736 1591
-20727 17946 1465
31835 17637 2174
77411 26808 1182
67445 81624 753
61658 -2882 6470
37256 13151 1669
21874 -765 2397
38036 13201 2359
-9543 -77065 1965
22615 43267 2559
-79682 -56114 2225
54088 33819 2601
59223 64742 703
39947 15532 1965
37658 27645 3013
-35576 37008 9740
45593 58590 4734
61343 81288 962
70137 26366 1777
64544 56101 994
92767 71407 1878
-71 4604 340
-49163 99556 2104
39423 -23539 530
40704 17569 2777
39676 61118 5681
18598 -5000 1603
13221 60181 502
64593 54818 2359
22976 42893 2133
85640 -67218 1752
37250 28368 2724
40813 14830 1965
26178 -81651 6184
42536 60230 1564
38362 62679 1564
6004 8171 14764
16833 -1626 3369
63155 18583 2066
50754 46175 1110
70921 24618 2003
27066 17329 1811
20442 95022 2519
88962 -1739 5790
14103 98386 1736
-65057 86172 10352
-15164 -69347 3959
15770 -7167 5121
47618 8997 7256
2481 -93766 3777
-60378 97316 21066
-8200 -27696 592
62153 10147 1538
-22583 -63047 8379
46560 47102 2042
44370 46865 4447
-19373 -86161 2003
19673 53154 1745
44811 33678 3616
9132 -2239 673
-3223 1708 1308
40701 51362 4021
42381 92790 7257
-33140 6085 3084
43350 21278 2511
66854 91521 7726
12934 13637 15153
32843 56796 1246
-22619 -83166 1538
-9561 91896 1234
-27251 70397 5662
-313 -32429 1322
38116 45825 4245
35547 14805 1811
247 8661 8164
85414 -57273 7895
13939 -99507 4825
51764 42543 3706
-77595 1389 16524
32295 49121 4447
56131 -75750 4918
24125 2822 384
59114 59342 1148
34279 9227 1418
64924 -79508 7646
67292 77256 1308
53717 35125 3208
38039 41074 3147
-570 12750 2805
94402 69616 2811
34992 -41244 6397
-96073 89701 5828
13198 -96307 5029
64 6242 1646
44559 39948 1653
-66119 10322 907
53447 24979 2956
45981 48343 860
-19505 -89676 1701
14217 -52030 639
32701 56333 1246
39832 42155 1760
65871 30571 2133
-10990 -98108 5144
25149 1676 16534
30038 37967 3481
42362 9047 2658
7655 -3993 9942
29919 -904 375
32540 -18839 1690
-14036 -22806 1188
36819 19060 1965
42517 45881 1378
18446 98042 4308
41487 8761 1418
3381 94854 3925
42445 23571 2724
-20008 -87976 1846
-67009 -3984 7231
55601 19730 6163
40239 16795 2133
57161 37856 1811
46789 41961 1404
-88362 -53567 554
14251 92008 11933
3782 55648 11603
-84260 -11900 9541
33397 20032 1965
-10492 95053 2841
22926 -5658 4855
3296 8667 895
-57759 57356 12674
33406 6300 2042
32542 49799 2072
27734 62756 778
18155 5576 5659
-6343 -6729 1116
-76796 -81723 13268
42093 58980 1128
73410 26550 1509
66637 88299 2467
22778 38501 844
23638 54473 2217
17793 1994 2748
22206 -32784 27416
-88812 -88266 13299
43349 47870 3117
9365 15350 1494
44690 63860 1128
36431 28298 2724
26784 50509 661
39374 16141 1669
47007 23595 2174
20304 -8743 20360
11551 -31489 6761
24301 39520 994
-56159 -50952 1095
-13729 -86419 2314
72090 43699 1744
26508 15682 1669
38909 78641 2940
19532 -27320 2353
48435 35855 3777
-16165 -16888 7194
85540 99141 2215
45789 28452 3208
25167 -10107 29452
-9147 -71858 1538
22711 -25289 463
41089 59590 1224
72906 -23580 10895
38054 41709 1910
44726 59376 2724
32737 96300 647
64594 52361 2559
55112 32236 2956
3169 2552 786
25443 50945 1846
44327 44774 2818
-6450 -5858 14380
49013 54392 3849
34410 60574 2559
30750 57727 1058
-83921 -11028 1484
13338 -23134 12904
51932 83168 7875
15187 -99382 1968
48387 49198 1846
16748 -531 328
22921 6232 3003
-70974 46824 11906
-90258 97537 4705
93316 16783 13133
44164 91082 7864
93342 71641 12793
-13575 -14082 11162
23566 21225 2404
-9699 78742 526
-42220 22753 2421
3317 -1605 1472
32563 62079 4904
40936 19901 1965
927 22010 6818
-1491 6889 326
13405 7048 1004
33199 32401 2956
45595 52990 3547
-18764 -76995 1538
17598 -1681 1403
-21212 -85679 329
51120 37228 3481
51826 90371 4422
63723 31139 2314
12438 -4149 3716
34164 71584 4812
59027 87283 8545
59316 63218 828
61090 37527 2182
-4779 2471 6179
99129 -37346 1147
38269 17483 1811
61621 9841 1538
87473 98254 2042
36924 23236 3013
32592 -48077 1214
29100 31287 2724
-2890 -1609 2392
12563 -5508 364
46670 46609 1013
23526 38964 916
18395 9705 1372
2717 21220 11775
40928 42874 3913
75862 24622 1282
9447 -23983 552
63661 -94467 485
-27288 32694 3972
43030 52008 2206
24160 893 1710
13461 8165 429
62466 30099 2314
55018 93692 4798
2942 95872 1960
63620 79240 1024
37018 56145 1591
-3282 39656 456
-12747 -93327 2511
-16754 -95540 2133
36300 23275 2314
24139 93673 525
71840 26471 1638
-53780 27548 13275
37733 -6150 18179
47716 43824 2559
10513 19130 4094
66845 26139 2359
21071 21486 2620
6953 16025 12037
-5750 -15203 620
-35367 16901 17783
-60978 -41359 381
-89289 -37997 7134
-18825 27990 10878
45486 56269 3538
-6319 -88993 2956
6455 -4607 1756
-34972 20958 1580
-88371 76417 624
64470 49698 2314
29655 55191 975
51900 34854 2314
-25994 -29156 708
-2360 878 1497
25635 47389 1538
19799 1588 410
66560 25042 1354
67075 37002 1538
12436 -762 1054
-99767 59967 1795
-11789 3498 7911
2427 -1714 400
69704 -24880 18780
87714 97804 2450
46443 38219 3323
29334 17038 1538
17476 -27879 3808
21866 42119 2133
41523 14945 1965
15437 -81347 12435
78686 -93620 2559
60394 29813 2511
-13239 93657 1428
37724 17404 1811
51417 -73746 5336
57967 91037 8545
48404 87858 4075
36415 25683 2511
27519 16858 1418
47245 64879 2769
-84403 -93820 9521
6984 -17862 7213
-31654 3816 27973
73701 26732 1846
1158 5291 1775
-7654 -85975 2724
-88638 -21524 15374
-16485 -79439 1811
13324 98750 1172
-77750 58314 1299
9663 4838 8763
40111 60409 1328
34416 8172 2215
20724 27530 1965
68785 23908 1150
35501 56320 1467
7392 20833 711
69002 88412 2273
82506 39242 1388
713 -24572 5558
13257 -25381 1805
27644 63497 717
74418 23432 1701
53547 50390 4363
-1785 -33545 1923
41893 27446 3548
34386 8100 1846
13208 5863 583
-330 4424 433
-12154 -90108 9268
14555 -14588 763
-92435 56997 8894
29287 25622 8788
26 -12914 902
46660 27224 3208
-82695 -56852 2923
-3171 9332 349
-64397 -9284 1152
35377 55955 1467
78997 23011 19741
-36230 38343 812
62271 85331 2904
67151 33758 1811
45593 58590 4734
17848 -50 1228
30038 37967 3481
-44312 -90293 10630
76742 -91796 2777
15380 -2342 360
58784 88016 8130
39408 15239 2559
-84062 49157 11813
64488 80067 944
16950 94016 1712
-12383 -8301 10232
27153 51411 1701
-51082 94804 2935
413 3686 1440
62295 60529 1846
10026 17357 2051
23157 6471 9435
58333 39140 1669
43761 64417 1040
62108 8447 1418
56145 33232 2956
13076 -86081 4203
-17526 -4273 26937
-19993 95428 1701
17302 12953 4937
47628 44107 4098
12944 -2682 1513
-10658 82894 1865
-43059 82029 979
14998 -2501 353
-91790 -29179 4752
-75460 -15500 1158
47004 45608 1099
59703 -12343 6924
72765 24073 1846
29086 94311 6164
13494 84439 14266
34258 8255 1846
60216 82659 817
3125 5644 5668
57541 30768 2724
-7334 -92689 2956
17338 8878 338
42074 19233 2314
35699 42383 2072
65440 54530 844
43592 68262 2352
-86404 -29900 16401
20163 9752 4431
41184 21279 2511
45946 53355 860
57846 57212 1352
44004 60544 1441
60758 82003 887
-43225 27502 8088
30755 17780 1669
74822 -87833 12812
32346 88079 5725
-10456 -69841 1701
225 2835 442
-24979 60878 6771
50803 51695 20555
41489 37545 3208
42170 63554 883
23017 11774 2746
42473 24905 2559
8787 22182 7038
-17939 -97209 1965
35851 46746 2440
46013 82526 6147
12743 -3563 1764
-41760 -18416 762
26418 89999 4906
70110 28511 2174
42830 47166 1270
46660 27224 3208
-52211 98132 3053
-31903 -99696 4238
16791 -958 435
47852 35352 3332
-49797 -95615 2820
95590 -77682 12172
946 3919 930
52704 47511 1306
-27766 34282 10080
40513 15261 1965
-99995 -74345 1737
-17660 -78158 1669
38737 15991 1669
31796 19034 1811
59358 62356 899
67852 -74859 7624
45596 49074 793
60303 57204 1148
-92547 70067 4373
-4209 -93585 3300
-12523 25936 16032
81033 47210 3092
19891 9030 15596
68320 26721 1928
-95573 -26942 612
39881 44879 933
-15742 -85479 2133
-82837 11606 9795
41997 13360 1811
-28646 1502 7225
51102 49240 2206
-8882 -83666 2511
50336 49644 2042
36106 41908 3777
11681 -51428 474
-3862 -90921 3208
37665 67992 6164
32243 32586 2754
42204 50959 4825
16879 -116 452
-7045 -64480 15299
96146 -8627 4953
11164 -3319 10635
22344 -52095 1755
11019 34229 5663
-97442 -33079 4092
51570 45386 2404
8148 14579 3974
-11547 -87444 2511
36770 10448 2003
-2669 81778 1608
14960 -3654 1286
26185 48675 1538
42623 66717 2352
50734 22147 1846
-8816 -70419 1418
40918 13364 1811
29388 30274 4599
-11642 -3834 1408
-11907 23240 7875
49024 20818 1418
15115 18508 336
16495 -480 1178
27964 45230 4098
32141 -14566 8404
60062 29887 1538
52832 34305 3208
60764 61421 1701
36278 42604 2072
-83474 79535 2495
31717 57200 1148
18650 -10275 887
44936 11866 1538
-9436 -2268 1106
46541 46216 2042
21715 -95303 10077
51963 14441 6687
23430 6440 1215
16284 -1028 8559
34165 53184 4165
-19381 -10372 364
23951 49731 2003
-18927 77669 1083
62615 57021 1170
-66062 35974 617
40242 54938 1874
41971 44554 1495
20691 94274 1239
45703 26192 2956
41847 8047 2658
14756 -3966 494
22737 27901 2133
39693 9787 2885
-38111 40486 381
-92090 81788 8988
815 -70947 21642
14470 -57722 2929
15248 26093 16536
38087 64285 1697
-21030 33668 14395
-59600 75861 347
46853 12231 1701
41428 50164 2872
34102 56484 1352
29183 -28684 9258
-15132 -80754 1965
27729 37676 3481
56913 56158 1467
36302 -16494 8182
42917 39429 1794
54029 35490 2133
-84550 32385 621
40402 18587 2314
60607 13024 1811
27708 64818 609
5315 11537 4056
-23132 -83581 1019
28414 53890 828
61047 42446 5335
6065 -21335 27948
-41308 -17698 519
45860 -73870 5790
31211 58650 5235
20826 5317 575
-4086 -21966 17545
-8260 -85951 8667
84187 40238 2637
44143 6931 2450
1019 14619 2495
53793 -72568 4445
62139 28150 2314
56728 20623 2511
96149 25362 17796
85540 99141 2215
-35117 -44882 395
42048 13403 1811
-98950 -26210 3715
77141 27193 1046
38242 14123 2359
18590 94241 2629
-13613 -23801 922
7819 15459 603
-94220 45807 6386
12174 -1909 652
42974 48376 1170
-91302 -76854 13867
62817 79808 944
-6289 -89026 2956
51552 32376 10789
-93963 -12599 19700
12124 97971 2301
19320 -14109 404
99596 11032 10420
59849 75908 3710
54046 33855 2133
67133 20287 1538
31208 53624 4825
21110 8527 3181
-15854 -17535 5600
50015 22119 6163
42072 8700 1418
43372 10677 2215
43525 41950 3058
36811 78406 3528
41569 10088 1538
61495 28947 1877
80400 -29894 2413
47205 43243 1294
43542 12514 1669
27964 45230 4098
42115 54780 3839
18541 63734 1598
-92851 50697 17470
28892 -79647 2114
34240 22159 2777
20598 -3789 5117
49768 41975 4447
63742 81482 7120
40808 15248 1965
69781 23432 1060
74848 26731 1391
-8480 -87222 2724
40971 79460 5665
-19920 -89747 1701
40461 11639 1669
65141 55357 916
76624 -44129 7324
56524 44494 13214
-4035 -4669 7762
36486 19811 2777
-29532 1855 2067
10790 -24907 1533
39828 42170 1760
-86040 -45367 14203
47545 32341 3481
52632 -66744 3753
66420 27371 2092
27693 32377 4979
-12599 -10865 9244
38633 17243 2133
39821 49091 3776
-12305 -4548 2258
58874 32451 2724
19136 21376 2042
-3224 14619 1310
10814 -25667 583
41083 10974 2404
53145 52759 1874
35046 38348 3481
13431 14459 7805
6254 40031 1424
-90270 -73031 2449
39837 81559 3190
16480 -745 1005
53683 54932 4734
58344 31437 2724
55109 46317 4021
55144 22705 2724
-9447 -75181 1811
-89684 -28737 7278
35706 10085 2404
64546 27003 2559
32756 67184 4435
28777 20942 2830
18616 -12787 3445
64546 30878 2133
6423 1823 1170
18135 3204 4006
-54116 41598 4945
-74653 91051 1518
66855 78082 1308
21851 62691 1881
13985 12318 6368
10919 -18058 6466
41440 73185 6688
59288 76296 6562
38036 13201 2359
36010 17188 2559
33215 35574 4153
40362 19013 2314
99257 62804 2961
-89453 -32774 3453
54686 10840 3351
93826 71530 414
16481 17951 5947
17893 -98108 540
27770 41301 3777
19380 23380 7813
63676 11144 1538
55881 42535 3706
36315 -89659 7397
-88449 -44509 9227
-98712 -57973 6316
54879 65057 5574
40242 54938 1874
5279 39338 21136
39595 67035 6164
11599 -97195 424
-59930 -16674 3889
46939 35258 2724
-10161 -92929 2724
45211 44734 2776
36283 12477 2174
19249 96984 553
40826 46944 3706
-72464 33789 461
31211 58650 5235
-25238 1446 5732
22815 -15746 8809
15050 -19762 948
63395 9347 1418
6542 14033 2396
52638 50698 2033
42278 16532 1669
-30205 -3662 15540
-65857 -17841 9870
55939 54981 1591
17495 -98511 541
17924 16903 2450
39574 45720 860
21463 37670 717
38162 14636 1965
43936 12262 1669
47568 20567 1538
-54323 -30603 4177
-3107 2868 10022
49495 34700 2511
66208 36048 1669
32337 18501 1811
13899 1123 3778
23366 8725 4328
93163 72310 1097
66040 23412 1811
-22606 15799 26800
14834 72144 13553
39852 14839 1538
45412 11279 2042
7537 20182 575
-984 -71363 1891
44765 57631 883
8641 -83530 18399
91196 74101 6053
36194 11951 1538
45412 11279 2042
42913 13532 1418
27023 15591 1669
28991 54531 899
15025 -95042 1573
22095 5985 2025
27909 23423 2314
40513 15261 1965
38619 55714 1727
-57548 -53393 9622
12648 -73584 1554
89622 73823 359
-49449 -99909 3326
56606 39052 3415
16378 -1042 489
-472 8449 14337
-54465 99171 2146
8148 15077 14243
6083 -2672 3546
26435 36884 2724
-20394 -59754 1390
58646 97129 5207
18842 27667 1811
-19589 97154 1846
42095 14784 1418
-9594 -56181 2180
27002 51162 717
18436 7763 2800
8673 18689 3674
53683 54932 4734
38586 23526 2314
40765 55775 5235
19073 64325 7928
25664 -53587 2892
-64819 80811 21777
51481 42928 2608
18054 8381 3323
17237 6778 2533
27240 43176 1378
-21226 -39581 612
59103 83675 694
37076 33506 4257
49940 92727 7875
50466 45218 2404
-6966 10277 10282
-74244 -87324 515
-923 -16646 10751
37600 21649 2314
31695 21366 2559
43085 22517 2724
13048 8793 3064
