5000
-76442 -73447 591
-95576 -164 247
-54063 -30007 238
-66624 58623 261
-87438 6552 1164
784 -14447 4370
-85610 -44108 2968
-55199 23678 2297
3010 -10694 3028
-10169 -94681 10862
-48488 60296 4700
11946 -83532 477
-11674 -150 3817
-80053 15491 321
93174 51734 594
-81829 -2929 4884
-94037 53236 759
-82816 405 856
-65524 -25231 1273
-52267 52033 11465
-41912 13744 3090
-7504 5496 4356
3551 -10808 1302
-68689 -80633 1651
-84197 15621 727
-87039 47062 1164
-25972 -60877 1424
-69157 42519 582
7161 92543 9333
-93092 66135 5265
-42034 -16601 338
-58586 -4956 1273
-74268 49087 328
-72882 -81243 274
-96291 44902 1584
40557 61318 403
1583 -13438 585
-60883 -52099 804
-84233 -54222 1199
-90000 40673 617
-94861 -71768 1218
39561 43879 2986
-25996 -32847 824
99969 -4897 1023
5435 -8041 314
-39922 -33496 244
-67335 57663 362
88582 53123 1053
-83219 4458 1977
-64434 55037 1982
67944 70423 551
-92845 8380 1614
91996 46856 454
-21125 -65765 1545
-84080 -1369 3232
-89660 2889 501
886 -18962 529
26301 -73675 1268
-98460 -16267 1965
-65492 -4042 374
-90881 40689 411
54179 9235 924
-57145 -1544 1016
-78695 49148 1164
-73780 -30388 3611
-74437 50161 418
99191 -33907 4464
-48985 -95623 4147
-7647 78599 610
-84941 318 2809
-923 -13519 605
-83341 17330 569
64158 47747 967
-87679 2994 1848
-969 -7618 2267
-27627 -60488 1136
38092 41769 3615
31985 80146 2056
89188 46096 437
-74018 -79359 1191
-59328 -2077 234
2892 -16121 6555
-23471 44178 3139
-36265 14089 319
87920 -21680 902
-85184 47100 1516
-83275 14257 445
429 -12222 1957
-88002 10094 388
-42345 52790 1994
-92634 51295 970
-70372 53155 426
-83139 687 828
-61310 47568 1318
-76545 79978 3736
-92703 11693 1751
-84787 11368 774
65128 -82759 5506
-76628 -66830 1136
-88829 -58231 605
89290 47708 378
-39705 -33363 265
49669 -10306 781
-74003 10361 8042
-4011 -8343 7252
93798 44595 2195
94581 50926 1864
91709 39659 445
-10474 -72264 2012
31550 -77765 6208
-75829 -7852 692
-82649 39374 1614
-83867 33040 580
98036 2748 260
-80083 9353 355
96018 52925 1375
92429 49221 371
-91004 -6505 11736
-82442 3150 856
-91096 41967 545
-85758 4754 478
-89923 -5268 9706
7588 -16177 597
3818 -20790 343
-69184 48570 315
-35036 62054 577
-72010 56191 236
-9079 -84618 785
-47069 -18758 1471
92946 -23704 510
87678 -25042 10323
-3764 -72239 1451
27908 -27558 5115
95726 39135 594
-81058 15647 232
-475 -74194 1136
-84081 1861 1108
1280 -12887 392
-71800 51726 789
40865 61386 334
43844 -96821 3058
-54014 42083 9538
-82598 76455 10824
-86423 5764 7710
-97336 84460 3441
89558 53623 1142
-69772 -49613 819
-79919 -1507 483
-55843 42091 686
-87043 10392 418
-95072 6955 1614
-89898 7104 291
-86287 10258 355
-96134 3384 277
-81068 -81728 571
5148 -10692 5180
-92732 52001 727
-59890 -2106 351
-84393 -62613 2455
-3226 -79456 1256
92466 52495 505
83936 46953 2237
90349 -21459 345
98394 -37576 338
-45563 7162 733
22513 92852 325
-79572 51017 349
-91680 7359 1487
-90236 2216 2491
-76119 55400 580
66710 66082 924
-1306 -7154 4330
-92910 -1358 332
-82597 12902 657
-96755 -6432 232
-10425 -25470 336
-77564 57095 321
-99457 -11136 1538
-44764 -2389 10600
88166 -91306 282
-94799 47460 1345
-57160 -28774 2039
-60541 -3637 406
47433 79642 3660
-84960 11226 1093
-90992 49606 5096
-88326 4272 2298
97727 54982 3887
-97569 43860 1718
87854 34226 4299
292 93692 3057
91656 -22556 651
82601 -32832 2398
-81451 19254 349
95028 -27264 249
92625 50767 759
-89960 7353 8246
-69845 53895 418
-83895 5977 2528
-37206 12571 1720
87050 -16317 1357
-89638 43041 580
-7697 -3224 997
98995 42440 2023
-87280 3199 1287
-74451 44277 315
-33442 -59279 804
92745 49386 342
-72930 -81524 297
-27132 95061 5685
-89018 2225 364
-77367 49333 1287
-80988 19700 296
50860 -66809 598
-87101 18493 524
11537 -10033 817
-4667 98056 5060
-82603 2153 727
38945 40601 1587
-86970 39318 2280
-79889 14829 378
-75237 18963 7395
-8610 40053 1470
-40602 -19174 901
-34112 -61891 696
-36218 59158 7612
-72243 48757 606
-95558 916 10487
90795 41406 1053
-86662 1155 776
-22327 -31273 3370
93671 63922 645
-57154 -9897 10449
48132 -64620 406
-67556 49727 454
88507 58323 3043
-8814 -12508 9482
-90820 7827 2993
-30714 -21320 9691
-66991 -47935 1232
-82880 15807 1187
-74963 50899 493
-83727 -98936 7824
29255 26389 581
-95390 -770 542
96149 47712 302
86740 71180 623
-4188 -9057 6030
-79248 9154 1055
-85095 1636 395
-83378 72168 1187
-8922 37655 2722
-82388 2263 663
-37556 -98550 686
76251 74840 9285
-81325 -2103 395
-11905 -20370 4122
-91001 -601 911
-57592 -17889 630
-24991 -2124 2622
-21970 79079 5591
-56489 45539 876
58582 28291 4052
-76597 -67920 1047
-35214 13788 1156
-8334 81760 4448
-35812 97378 7510
-29695 -11456 369
44298 99464 7162
-83843 -64516 1766
-86612 4523 670
-38096 -22769 432
27343 17322 6476
-89300 47650 989
-8472 89334 1853
71846 -2775 4322
-74884 -80107 1098
-76263 -11280 1171
-79034 -67093 1047
90553 -21163 375
-82673 6813 774
551 -12911 727
2193 98084 3800
-70356 47947 437
957 -10543 1431
-1021 -99005 3971
3731 -10252 630
-48430 85460 743
90161 48175 411
-82271 17863 349
32859 -11928 17113
-44946 8606 795
-40013 -24530 650
-85178 -4584 349
-30833 99976 477
-61422 -4869 611
-85682 10492 302
6757 7564 10203
92578 -23321 553
-80233 532 278
-42479 -18525 1061
-18001 -51965 1281
-39140 -32677 338
-86622 2200 1049
-82898 4983 1596
-69926 -47971 965
-82633 -1936 648
-60226 -1230 733
-78085 55262 741
13494 -83999 609
4608 -11828 7996
-72256 56193 256
-90196 40833 349
-79458 50702 321
37539 75598 308
-86115 3684 7457
-26383 -80724 2969
-25146 -70208 1677
-3752 83906 3782
-95803 3774 235
-94142 -2976 606
-345 96648 1819
-68681 52450 524
-61386 -73168 8079
-55202 -70930 694
-64272 -5931 1273
-43867 -27869 978
39376 61294 1485
-1555 -2428 5040
-87407 6083 6837
88107 50344 1900
94073 37139 336
-78294 -91662 1484
90035 50163 657
-58863 -31669 688
93502 40711 824
90535 49461 285
92434 50565 465
-71119 24123 5659
26497 -77789 572
-16096 30332 2245
11718 -22430 262
-87040 56227 437
-74549 -49177 1973
94099 95809 726
8114 -8327 458
4947 -10269 411
-793 -15755 1388
-85251 4954 789
-67690 49312 418
-27532 -71360 656
91207 49480 1240
-52814 -67323 3180
-24115 -53021 603
70181 -68335 1236
-14912 44550 443
-16602 -14849 1261
-85974 -303 2992
-19338 -75475 2789
23792 -64159 3799
-25814 -7925 4906
95063 51576 1459
-74129 -84568 1228
-90437 5626 4598
-73676 -61913 1209
-32801 -51411 2087
-5734 -83335 1088
-89407 -3083 5343
39537 78178 574
-33312 -92452 14306
92752 64660 548
-38802 13725 1346
-89922 75374 953
19379 -86707 703
-3107 -84049 696
-45078 -22269 1151
10494 -27354 885
-65134 -3315 441
-93083 -1001 8372
32610 -7840 3333
-26431 -81291 696
-66041 24336 396
-97217 -44761 7223
-89291 45936 256
95448 5304 7350
-25950 -62568 1545
-86404 7614 1073
77984 60454 10525
47399 40260 2740
-85409 47053 1751
96753 54056 3887
-85875 15451 278
-94049 39275 1676
87354 49193 1073
-77589 -14719 4252
-19338 -75475 2789
-93320 52902 824
-77043 -66696 1136
-94531 -79040 6105
-50372 -50037 11609
-39693 -96559 3000
-65569 25056 1167
-86721 8698 1164
-79424 1428 793
30129 43693 257
31646 -70392 6581
1069 98266 1470
-25687 -6371 3160
-86827 -57663 1629
90520 51576 894
-29722 -60453 965
83379 98419 462
-53911 47810 699
97382 -28071 384
-84894 -4407 321
-80589 4467 670
-6777 -16071 2324
-79971 655 302
2055 -11739 731
-42768 -16219 487
-78893 -86698 257
-659 -12077 5643
-88564 -70998 526
-60337 -23957 374
4475 -18618 9160
-90908 10441 1690
2401 -7735 1762
42934 34465 5284
-79147 -509 378
-60458 -58472 10686
-92313 11310 4188
-57253 41154 3749
-97183 6451 12805
-5945 90155 1752
-72280 -64778 946
-84398 13161 929
93065 54628 3583
-53653 53349 3992
-42036 -14876 351
5065 -11239 606
-61430 -41016 6528
949 -9594 1751
-82914 51535 606
-93009 40159 493
-84600 -2278 4458
-78963 5018 7314
90691 50059 336
-94641 56031 594
-98849 -52275 582
87558 -19862 1062
-83117 -2196 487
1111 -1399 10844
14832 -19608 6140
-1980 -82053 889
-91376 -97251 268
93629 49569 268
-21842 -20070 16944
89392 46462 403
-2212 86335 8356
-24516 -72008 947
6948 -12209 425
-92894 15926 378
2098 -16032 471
55227 38883 1596
-94105 5745 1487
-82630 16277 483
93831 37352 309
-6150 28107 6232
-72492 -82408 673
15905 -85570 844
-71695 15997 10489
-91641 -97336 248
-5566 -10071 2272
-64827 -2973 478
92860 55316 7998
94891 40102 700
97010 46608 378
94994 1124 2731
-74915 56657 474
-89547 45860 278
-63805 -23090 1499
-92354 42044 1645
-36148 -56108 642
2742 -15224 308
-88504 7043 1263
1640 -14926 2918
48696 -55488 284
-6294 72780 2412
-77609 -67628 1047
67162 -2853 7924
-76677 52216 911
-73218 -14718 318
7082 -6925 1234
88547 47447 403
-87852 -98803 4025
-19380 -96748 2714
-88682 8321 437
-68551 42512 632
-9348 -1590 15805
-81304 21216 2234
-77231 57136 349
92919 48087 328
-78869 11413 1242
-87475 -20232 5006
-85146 9135 911
95147 55576 1345
-78255 3157 3251
-5298 -17205 1005
-87262 7605 296
37040 -75077 2541
89666 47882 774
-89875 7152 1371
-61098 -3929 847
-91342 3921 2566
-35017 -56915 755
71641 23358 1382
39597 40817 675
-40706 -15698 599
428 -11398 1407
90922 49690 241
-92270 -18185 5432
41813 43936 12021
-44918 73678 786
77771 -75528 334
-2425 -74715 1338
89904 48119 3043
-99119 -12703 1669
-9100 -12260 364
-82084 18141 321
-80425 13668 483
-86321 6538 1073
-6042 -17578 752
-82020 -48203 2521
-35633 -56533 696
118 -15899 1740
-90814 41051 232
-37187 -91419 977
-58370 45793 1031
-9017 37644 970
-92176 9237 1614
-90322 41419 296
81662 71638 2176
-60551 -93761 2924
17998 66983 1402
-2984 -22437 6121
-93101 41193 580
-4019 96142 2255
60643 53208 8619
-8725 -14373 5677
-8944 -17220 4536
36429 43826 2881
-86289 3348 7693
-87204 56613 403
82113 29892 1943
-70104 52280 435
-14280 -62146 2051
-68790 52003 683
91807 48708 437
-1886 -93118 629
60080 -18847 348
-68705 56647 502
-78719 -54037 1973
-74664 50533 454
-89711 -4024 375
-97426 67953 262
-2449 -31138 1663
-9125 4399 4184
81973 -82998 5203
-42290 -20082 1061
-38292 -21342 312
-87175 40718 314
99303 -71977 16540
-93209 47166 856
-91462 7683 1487
-82453 4214 1792
-79657 640 328
71548 63188 1010
-86571 2186 1187
-4458 -17949 888
-93775 16411 296
94471 48266 894
-75775 -61602 1574
-69716 42542 537
-75639 -67808 492
31991 22271 1243
-25353 26413 6329
41619 79989 1241
-75668 57088 403
-7356 -90918 1115
98263 18397 678
-84504 13456 296
-93215 16096 349
52969 49263 279
-17453 30734 249
-84868 3675 278
1478 -9926 5104
82819 50681 2195
-83545 2843 14392
-85441 -29409 5024
-50569 48888 1296
-41655 -15180 509
-68727 48415 302
-6598 -31180 313
-74603 56275 515
-67597 -81962 1792
23721 23816 1346
95144 37309 429
-19600 48180 526
-33279 -22964 10676
-65685 -28528 997
-77657 49561 1073
-85843 38538 1900
93345 -11896 2042
-2416 -79089 1136
-67881 48959 386
43489 80567 3868
-84115 11331 2530
-79563 -1209 445
16635 -86060 916
-90955 37951 565
-60547 -1856 675
-31321 -49111 2695
-85701 13027 1516
4270 46302 1069
63204 22988 541
-76208 -71468 755
-63392 -28532 919
-81350 18508 252
-200 -14619 280
-21347 -52381 835
-56624 28444 2705
3142 -4324 381
-5053 -9809 637
-90604 41459 273
-16183 -99865 1311
-13490 -56795 1605
-2551 -18877 5657
5349 -10118 8067
99264 -37711 4588
-280 -16252 811
-3141 -94974 1360
-52249 -30314 1732
29774 -46111 11267
-60132 -52279 741
-78829 -83326 537
-98583 57738 291
-71746 48455 558
11447 1687 791
-52065 57548 4331
-35255 13986 403
14078 -8340 504
17053 -89622 397
85004 49130 989
-75939 -44745 4223
-87345 46765 1164
-85955 10336 328
-62957 -85200 1120
75764 -54929 6973
-79551 6704 580
-29836 -59047 1115
-61141 -31135 879
-76148 49539 1187
37110 -70611 5188
-77650 90754 2192
-37744 14135 1096
-36469 -80984 3793
86941 -18805 1153
-12285 9705 1959
-81660 13288 4655
-40227 -18394 831
-87221 48977 1287
2369 33900 4216
-3616 -80597 1158
-70337 -44751 6489
-18563 -52847 1067
-72251 -65686 872
-33113 -38491 2898
-85406 3685 273
-45702 -13845 3568
61134 -13399 1176
717 -10913 581
-83640 11028 713
-17843 -73254 2570
-86450 48486 1073
-87048 36944 2062
-1335 -18166 3962
649 -14116 884
-87289 18026 483
-48414 -18025 1596
-26940 54924 1952
15388 -13933 5826
-88256 92624 580
78169 -46037 4915
85591 20773 6006
97876 -52262 2579
-85896 -4821 411
96109 49355 1864
-92302 -1426 282
89017 47947 349
-84481 938 5949
-71258 70915 413
30461 85162 381
-60569 -21494 280
-689 79498 383
-65385 -82129 8334
764 -13743 2574
-87838 7325 349
4080 -10228 4894
-86017 744 9206
8179 5882 14105
-75169 -58244 1853
-84796 9785 1073
-6850 -71625 1709
-87665 5002 2563
54712 29119 1624
61100 -13741 346
56650 59144 3736
-40105 -17606 766
-55714 45746 807
-25146 -70208 1677
-5507 -10921 6364
87730 49075 437
-99184 2725 500
-79701 6118 629
-32326 44792 491
-6089 -4536 7973
-33817 40429 1040
-16747 -52422 1389
53529 77961 9572
-35665 98486 1309
-85674 -854 4978
15215 -85145 778
-88231 8385 474
-45655 -24012 6006
90715 -33465 941
-73793 -20812 1697
-70231 42552 495
-74412 -60891 1312
-78276 56669 252
-74040 51658 929
-91112 40192 727
34746 -14065 3007
95550 -74605 3260
-90110 2992 336
8207 -13106 3825
-73095 -15035 2318
1056 -85814 666
-59467 45999 1119
-98358 -1004 680
-89066 56503 232
94894 -27042 270
79106 -11703 816
-76864 -64290 1337
-35686 20844 2196
99837 -5954 1110
-65049 -27476 1082
-87599 7733 1164
-36339 -3980 15617
-82550 13633 524
89799 49196 1487
-39791 27917 3296
-71582 51201 789
98736 32150 5847
-95631 52251 594
-86929 16487 349
96650 26427 6345
-30758 29607 15893
-74621 44937 371
7994 -9260 7054
23027 -84559 1058
-87110 5057 840
7678 -11623 358
-14833 -64210 2225
-91498 60007 2748
-89025 14130 727
-89425 38281 1209
-69366 52020 369
-43187 7438 622
-93541 -2783 657
-97384 1094 491
-58823 -52664 629
39643 44409 339
-31315 40460 1152
96625 47376 1864
-44568 98767 2584
-25868 -81651 642
-592 -12803 3804
39097 -17001 5806
-91573 42275 591
22157 -1853 1189
-83211 45920 1073
-46387 8519 862
96712 3911 3409
-79892 9036 386
-73760 17256 7345
18179 22525 727
-71448 -79359 1403
-95036 -96062 1079
-99604 2957 461
59443 -62529 1592
99305 18038 2634
91613 49256 1371
-2569 -11859 9623
-2946 -27376 1262
5596 -6589 1348
-83735 -70127 3907
1073 27830 3518
-60438 -2496 622
96699 -11331 1846
-58247 90327 3079
-16348 -57780 1515
-62729 -2475 663
-42435 -43707 9863
96872 46239 411
95741 33454 3651
-44334 8150 733
-5154 -73739 1575
51972 45085 2779
-75776 50435 911
85870 48489 911
-75702 1837 1369
-1293 -16800 2876
-9487 -23253 3308
-95610 51681 548
-75708 50101 911
24129 -84520 1148
-3812 81006 4227
-90657 8931 1487
-50 -91696 418
-41294 -16252 265
-3017 -5929 6552
-92032 -1449 260
-60368 19887 1278
35935 -88662 7901
87893 40492 1240
-78235 7521 403
-81232 9204 972
-19832 -72881 2142
2139 -8354 2449
-81869 -6088 392
-3753 -13409 345
24840 -2024 5147
47945 -54792 1022
-95310 46064 1459
87528 48498 840
13052 61340 5253
1000 96912 269
-78621 404 683
23625 60944 7311
94519 57977 1142
-79388 20754 5897
-1413 -75504 1233
-28259 10911 7986
-91095 44583 378
51002 -53465 1306
-85073 1204 4315
32 -14056 692
-2536 -93029 683
-16639 -94179 3272
-82997 -66570 1708
-87285 -4763 524
-85917 1202 383
-14544 -54049 1363
-9782 -88015 1424
-28982 70658 434
-41601 4784 3155
-306 -13252 418
-90028 42004 872
-84896 873 344
12809 -2318 3072
43478 -80126 1996
30528 -87489 1727
97440 46578 774
24402 -92709 3346
-664 -5890 5026
-67896 52492 355
89405 49684 606
-76749 50048 989
-42381 -15956 449
-94464 47181 1345
78732 35888 4218
-77497 52564 741
1297 -6693 298
-26492 -73712 820
-88559 57348 268
98192 99962 523
-94360 -1001 4510
-4543 -13654 4992
-82612 18085 483
91827 40108 483
88494 46707 342
-68227 51668 629
76129 63435 7891
60033 -82813 1090
-99167 21071 20870
-92313 8848 1614
66391 66959 249
-78791 -69148 889
-9352 40154 1143
-21797 -77021 2522
52143 45055 719
-62865 -34403 5207
-78507 7378 424
-11617 -7255 259
4513 94505 619
-83549 1140 376
7897 -11875 413
-12423 -99342 9504
-86668 50453 911
-91056 43162 1785
32 92968 1051
-83770 51197 1187
-86273 2482 1187
-80455 56795 1096
94268 -25500 407
-78832 -82262 527
-21992 32905 1000
-1104 -15462 1244
-10305 -19525 956
85973 42368 1459
-68529 52930 483
-23319 -67061 1974
-90301 179 1669
52365 -11142 2809
3002 -16987 432
3729 -9367 3578
-1960 51923 3691
1650 -10020 2682
-75814 51543 580
-46055 -29243 609
-954 -10383 1993
19829 62752 2304
87567 70422 6815
-68363 56986 463
-73458 -81848 350
-80192 14069 445
-90410 -2174 774
-78220 31119 259
45304 81389 1547
-83732 19548 856
-85106 -59478 3073
-18407 -20811 21908
16955 -90346 337
33248 -20408 7160
85973 42368 1459
92443 47564 386
-97194 1525 452
-96390 45013 1584
4396 -16059 6003
5481 -99065 957
-84490 45682 1645
36479 -62536 276
-63690 -30452 936
93676 45408 1164
-4692 63593 12088
-79920 5500 569
-33534 13314 646
-36107 13632 1348
-69274 48330 256
90555 47913 558
-33228 8823 1296
-87736 41096 369
-34295 64615 3298
-33988 -49897 1421
-38634 9722 1127
92578 51662 1459
-90177 6739 5864
-82521 226 2766
-50489 15540 1527
-70131 17593 7716
-88032 -2113 1402
1861 10259 4518
-99394 -1569 885
-23928 -74138 545
2285 -6454 5217
-95225 -3250 515
-67074 -51946 1312
-94870 -792 500
95877 47610 278
-68150 53666 250
-1542 80693 453
96188 -15770 6395
1230 -10270 430
-85207 -7966 1279
69619 36880 3524
-82687 -11748 4614
-80497 19926 252
47286 80141 295
-85515 -4721 378
4463 -10156 1008
-8306 72622 4003
95949 26324 3365
-83456 78937 2944
-88904 1779 3777
39332 41194 3595
93984 50895 645
-1490 -13138 1501
-97434 9201 6261
-79917 49399 1263
-61251 -10739 2827
-10989 44879 4993
-90078 7331 1371
-39390 74090 1169
-539 -12121 272
-86124 41237 256
-85534 1781 1189
-84151 1699 751
-3716 -9922 7600
-84038 7115 840
-74321 1948 388
-90043 41264 569
-1330 -78834 642
-13695 -40470 9174
-93443 -95866 2504
-87894 34970 2237
-68289 -48759 641
90587 49754 309
80866 -46066 2477
35565 -90495 2206
-20543 -67266 1677
-60697 5502 1394
-55012 -31122 358
92729 48522 970
64849 -10751 6286
-87023 1891 4009
-96791 52004 378
-69841 -94183 4296
31015 73829 1179
-75451 3856 384
1178 -12383 3342
91514 44484 2382
30131 1678 1124
21963 3328 9672
356 -9501 854
-85195 3940 317
-43624 -57597 2241
6113 -7262 8813
-48369 12088 1196
-84227 43989 1785
-60904 -6260 1499
-3349 -78330 463
90977 51108 309
-56626 -2466 919
-84685 6926 1183
92648 41389 515
-72963 -67110 741
-91103 7881 1487
-92987 43696 755
-82032 3058 4856
78846 -88000 7420
-8550 1194 702
13500 -25654 2577
-90241 14694 617
-58261 -52885 580
-5619 16628 5891
-84345 6645 911
-90780 14940 569
-55222 81972 365
91811 48274 670
-69979 82679 12575
-31698 -62998 463
97516 -13072 2003
-97310 51538 321
90942 51428 336
-69898 -51589 1545
-85501 13192 606
-2003 -37898 458
-10116 -17647 7912
-84110 2343 1008
-36418 12584 1512
89673 50546 1164
36541 12385 3705
-87245 8364 1397
-93861 40494 2634
-30850 -58704 1027
-87734 5009 569
1252 -10481 1222
-1962 -11430 629
-24652 -63673 1677
-80917 -70142 696
83048 48586 2023
-92917 -2500 713
-82240 2168 1178
-73237 -77474 1191
-10976 -54248 1619
-89142 1407 654
-74280 49791 386
88148 49138 989
-68295 53143 295
8557 -25259 2930
-81986 53743 929
-86657 10281 386
-49292 95336 4631
-76148 49539 1187
-92763 50293 1053
63121 -8733 1790
-82526 15232 569
-84471 13804 1397
-81742 3581 789
-56692 79508 9924
-37576 14216 2565
39467 -93264 2597
-80335 1148 817
83943 64999 339
-46563 46048 3249
-5269 -2276 16368
-29476 -80725 3222
-60698 -27446 663
-83697 14324 411
-59904 -96738 3173
-95333 6781 4324
-73014 -62866 1114
-85968 1005 2150
-89605 33388 2427
-67208 -51235 1312
-26361 -73849 1312
87163 49293 911
-71345 22556 1541
-81259 -68737 819
6348 84244 2272
-38398 -21062 287
-5021 -83158 603
-80477 -81661 620
-55648 45536 807
-90543 45007 321
-21228 -52574 1002
1031 81265 2591
92325 48505 970
88536 46079 291
-97764 99 578
4982 -30268 8795
6685 -39022 3438
-85918 1253 1093
-82219 105 2765
52546 75871 8892
-85072 -1212 984
-95106 4403 4987
8465 97471 11121
-42336 -96461 11674
88069 47901 774
44011 78986 2046
-94446 5538 1487
-95068 56410 548
-94792 54277 256
91921 49072 336
-2693 -13643 7729
-37090 -48368 7073
-53172 84503 2292
-24820 -74857 642
-30644 -60533 889
-90692 11847 1936
-42126 -15310 469
36938 35027 6236
28519 62814 2271
-76334 28152 3624
89219 50341 1263
-6618 -19194 599
-3414 -383 12069
-85472 4947 1081
-86126 -92359 243
-83531 -46056 2735
-84701 -68633 851
-9227 -18271 2324
-35262 -62461 463
43508 -48932 1669
-2389 -15478 4535
44634 81505 1025
-11983 -11657 2241
-99323 -3096 869
-78709 -84748 420
90585 50571 713
-64873 -5277 249
-27610 -80353 820
39951 42055 3179
-83531 -46056 2735
-78770 23573 2974
-86624 41481 302
-84076 48109 1614
-69778 -14028 3611
-6835 -72875 1709
-85375 40301 1751
-349 -23649 3203
94402 -25866 375
-20153 84238 1509
31288 -58098 903
-86058 13360 558
-36028 13916 510
-6722 4969 3984
-24656 -97920 5661
-8516 -73138 1854
5255 99781 1928
88447 -13740 1598
-82379 -3459 3317
86015 46504 929
96897 47286 321
-79773 53580 789
89564 -15064 6939
-7361 -15652 2937
4426 -11333 2158
-65536 -4399 345
-5219 -934 1016
-77982 20831 2027
-56481 -3412 997
59602 26449 10724
-12424 -6904 4727
2010 -976 4870
22818 -24962 6414
-84694 5558 856
-86845 55298 515
22033 -84763 975
57814 85585 11176
-91437 57064 4414
-86250 6357 1806
-85524 11216 236
-229 -13329 842
-26624 -70846 1545
-92509 43150 696
-93010 3203 1263
92220 50173 429
-94688 -99211 3600
58510 21149 1218
-7146 -55959 823
-1038 -10647 8672
-89646 14449 670
-87433 32061 6669
-45893 -19359 1356
-96330 -4037 403
-85303 -49548 4718
-43395 -20081 1151
-34219 79580 2447
1249 -12495 2557
95545 51054 1718
-6313 -46462 9910
-44042 -14783 611
-68436 -51834 1423
-15982 -68900 2183
-68133 48688 355
66258 75478 1167
54326 -12646 6907
80362 -55743 2728
28589 10262 12549
-49253 -95182 857
86955 50090 1073
-75375 -60012 1708
-1471 -19862 1083
-74172 46626 515
85782 47443 1008
46 76105 4950
-58620 -11404 2605
-58967 -22895 1915
-59558 -31493 747
-48691 -90215 5400
89830 49058 1240
-80109 17701 15256
87929 49484 474
-93842 51361 364
-22117 -87585 419
-87701 456 2389
16370 -48264 6420
-87373 7058 1164
-84074 1167 454
88010 47664 252
195 -9755 3499
-72049 -77833 1293
-42670 -14229 275
-91850 1184 1073
-93242 -1260 361
60111 -18524 330
5790 -5942 1989
-69489 52139 741
-95237 10941 1900
-79538 -92224 1195
-91674 8382 9931
-78775 -86457 279
-39812 70448 1075
2824 7069 677
39454 -90650 1443
-91901 2463 1164
46680 98035 2397
-59396 46113 1119
39595 81456 708
-62057 -33286 2605
1299 -5865 3777
25508 -28816 2720
-3054 80803 1877
2793 24519 4099
7052 -16194 910
-45594 9121 862
-87152 -13524 5006
667 -10753 1227
-88348 49484 1187
-93786 44714 617
-20415 -75034 2324
-88113 5402 524
-82428 17536 378
45846 635 13553
86398 -48592 5975
-41315 -19785 978
-88442 6708 633
-87233 4692 617
7885 50554 1777
-74380 -77507 1098
-62036 -30940 795
-24416 -83258 463
-86656 17934 11484
-94415 12163 1900
-80928 -89884 10811
-5226 -71855 1575
92296 41042 474
5803 -8130 786
-77723 -3665 15479
-82099 52430 617
40747 60995 308
-85714 365 8417
-21919 -53244 924
18653 21879 419
-88974 4569 2965
16145 13618 3517
-49079 -87613 11791
-93380 52259 670
-51681 44988 594
-77713 -55642 1818
-79718 51349 378
710 -10165 289
-88205 -8657 399
-69265 48862 291
-3049 85803 3285
-97678 -15513 5894
88509 -22315 832
-12498 -72809 2183
-70050 -88837 1117
-20622 59611 261
-81178 -2623 569
43632 78294 2501
-20477 -52399 906
96601 45908 445
54988 -77930 831
-86936 55784 474
1032 -13237 544
-83496 -94852 13145
-66387 -49067 1114
-85156 2258 1093
94515 -26208 345
-34371 39526 481
-85294 6620 989
68717 -63465 5956
-54122 48447 644
-26097 -74392 755
-7302 -16243 1115
40933 -91199 2202
88422 45553 515
-15768 -77060 1747
1517 -13177 944
-28709 -78170 873
97359 23418 3101
-97866 50597 232
-91432 44378 411
-90933 11765 1614
-91573 41584 856
-90078 7331 1371
-82855 -64176 7490
-57032 27458 1764
99218 33012 3365
3166 -6293 2674
-84626 42173 1936
2710 -5831 1983
-83171 50958 657
-88110 -55784 677
94993 49029 2023
6547 -99035 3562
74410 -55291 306
-83941 2489 296
95545 51054 1718
-84271 6343 774
-85477 34782 2062
-93325 -56958 8605
84934 48183 911
-98122 36691 3101
-6901 -73886 1709
-98046 -1224 885
1844 96960 816
-84456 19938 789
19385 -45958 764
-86361 46057 1263
45610 55752 11201
75146 58613 8963
3346 7480 11012
59891 -19150 10816
-52188 90269 667
40494 79442 1737
-97142 -36124 4114
-3730 -32108 2893
5414 -4195 5347
90140 38930 1263
-68689 -80633 1651
-6920 73427 2978
-82299 18427 445
-82122 -84271 297
88190 48106 342
-86923 5921 473
-86645 3990 2240
6161 -5620 4286
29314 -87311 7110
-90713 7023 4828
98872 3027 332
93213 48223 894
-28855 -59667 1209
-98515 469 13123
90063 37476 769
5852 -9977 6271
-84009 16293 670
-1350 -12569 700
36978 57022 2060
-57657 -53170 641
-4671 -16058 10985
-20040 -45626 8256
-79067 10237 1145
95906 47439 2023
86581 45596 1027
-83164 11520 657
-84488 -1050 525
93137 50164 824
-80688 7345 606
828 -9766 252
-86785 -4820 483
-33621 -61089 642
-54686 39560 456
-40114 -29138 650
82688 -44414 469
-2072 47898 7882
-68020 -47350 1136
-8664 -37510 781
3969 -10883 3865
88958 -89374 4345
1561 96642 1414
-79179 55788 296
-78694 -85151 387
-42647 99500 12982
-89004 2724 461
-24721 89240 1959
-23492 -45245 623
746 -85193 723
-61721 -28419 780
88133 47481 911
91749 50420 1142
-3952 -92593 804
-894 -12454 3282
74356 35503 4576
93351 49554 291
-64655 -51889 1114
-79831 -81659 673
14306 -22595 6952
-60316 -23267 318
-92845 8380 1614
87705 27705 4123
50670 58172 10352
54205 45976 3584
-89434 41476 512
2231 -82751 9962
-32976 -60916 696
-52440 -14390 2039
-78368 -80543 673
-82375 1105 242
2911 -12041 2818
94750 -26800 293
-91628 -908 527
-90860 -1251 6346
44580 75772 938
-8262 -84633 851
-85597 1949 901
-59469 -85146 1088
67095 61597 1074
-74843 51118 1008
-90805 41292 252
-21599 61924 9358
27418 44827 451
-87816 -4633 569
-82068 -2041 670
1966 -17331 2319
41329 84120 4610
-81058 10741 10666
-85890 3809 1837
48370 -55939 481
-54537 -30663 304
-89349 -3913 606
62516 93333 5085
-13241 48472 1375
-3749 -84235 642
-20627 -72813 2142
-47250 93668 6301
523 -84473 785
-66643 50771 6539
84428 45127 1718
1353 -12269 402
-89605 33388 2427
88251 48526 1751
-89613 -2480 3561
-13881 -55305 1479
-75214 -81107 1012
-37462 14463 2946
5675 -10659 728
-41278 -91567 2211
-84794 9579 989
70356 2577 1345
-86184 1282 431
94171 53661 1345
-69007 48342 278
-1074 -11036 2061
61355 -13572 318
-86825 52127 774
-99155 43030 1864
-82283 52793 1008
-70635 21953 699
-11884 -81948 2603
91362 63353 336
-58133 52350 3679
-78908 50071 1164
357 95046 845
-50394 -92491 2612
1644 76508 2104
-61520 -3234 780
-40350 -10756 405
26294 -62852 2280
97321 -87172 251
-82210 12665 515
-82913 1344 324
-96723 -659 11351
-59369 12792 530
-952 -12493 2394
4855 -5531 624
-78793 -83840 495
26017 -77437 621
96303 50696 1584
-60445 -22036 275
-34267 -57153 820
-62428 -3553 1765
60725 -32467 2126
-82206 -4026 411
-2647 -5912 1108
-1799 -6554 1127
-82512 3709 856
-77342 51539 989
-59624 -2630 299
591 -5633 645
90834 -72101 5362
-28646 -58278 1115
-88877 10875 3294
-74157 43777 268
-86632 8623 430
91467 48758 278
8799 -3117 715
97292 92932 6603
-83300 10562 713
-88992 39358 1114
296 -8380 7480
44863 75089 453
-58152 -30652 2213
10546 -35928 3702
19883 -86175 763
-75563 55434 535
-7107 95913 2718
23831 -98300 6967
-84085 14256 378
-30533 -82303 1714
-46973 10385 1015
-454 -14346 358
30990 84198 243
-79754 8658 418
-85720 1743 269
-85549 3764 2601
-87681 75671 289
-61291 -5707 997
-79343 50416 296
88492 46378 315
-82880 14012 483
-74384 48794 302
-58968 -2143 449
-47901 11025 1102
88625 45815 268
-89986 42159 1008
50042 -54177 2243
46412 73091 2943
-92416 2854 3673
-3226 -92856 741
-86310 7403 1073
41224 -59488 4449
-60403 -22320 299
-22865 -69067 2142
-92866 -722 7572
10350 -27818 9834
-83552 10913 840
-70670 -31922 3328
-76449 8061 247
43879 98180 3479
91765 64691 465
-82500 13526 606
-84311 6844 5021
-54357 -30433 280
-86682 40051 245
88295 -58240 1078
-32175 -63070 502
-18286 25121 3207
2318 -16453 1747
-78695 49148 1164
-4840 -11777 544
-87894 34970 2237
-88095 -42268 3220
-61622 -1901 1596
94089 51829 1584
4241 -9723 1577
-10250 -8490 4771
-84125 10252 911
-86910 41613 328
-80221 -69941 755
-31512 -57555 873
-82009 -14991 4614
-37772 10285 871
-1735 97640 451
-82759 -67272 5569
89361 -58556 2623
-91122 41042 445
-84131 -242 2111
6547 -54994 285
-85546 3277 15256
87979 50822 3043
44029 78263 291
-95823 8459 1751
-1955 80751 10293
-27420 39505 1857
95847 47671 727
44238 83468 5577
-22101 -38361 14601
-68654 53472 535
-79750 5009 473
-93336 52658 894
-73738 64831 8725
1120 -10228 9607
-68876 66424 2981
-83983 723 1830
-59567 -33831 2401
-74169 55708 418
92374 63334 242
-5650 -17098 7580
-84892 -4048 2638
-55256 54882 3992
26718 -87277 1760
-89088 5329 1516
3892 -1177 5696
-92228 39748 418
85557 -74592 7889
99983 3115 425
87064 50237 989
-16464 24325 5983
4553 -33685 1135
48081 -85134 3281
44745 71045 7201
-73149 50510 929
-98598 -18659 2132
-81213 48914 1371
693 -14395 1309
-83308 52238 1093
-70863 -40564 5482
91926 50975 700
-33180 -51895 7483
-17538 -53277 1158
-88293 6732 411
52642 7527 917
98563 36477 5956
1066 98177 1336
23375 64610 749
9946 85363 1019
93741 48142 2634
-90456 43959 2237
-598 79095 358
90402 47863 378
4881 95685 2976
-68857 23555 378
-84874 -139 267
26140 67768 1255
-89984 6575 247
-1754 -47466 2539
-92329 -2046 774
-36834 16619 3446
89021 79394 9110
630 -17408 1649
-84207 1320 246
-97572 619 532
-3457 -75734 1338
-97182 -5797 296
-96940 -6277 252
-85270 1942 1093
91262 -21007 368
-86789 3584 2888
-96241 1612 7901
30770 -87653 3928
-83102 1941 1660
2344 -13125 746
-98757 2427 542
-9595 2946 2860
75974 -64940 1343
-85990 -1250 9004
-35307 14991 864
43279 80652 642
43245 80565 2094
-84625 664 249
-1920 -6878 6419
9745 -2696 15697
-98873 -6326 1344
-7408 90197 708
-29650 -57906 1027
-70815 54635 569
95931 47421 2023
94235 39140 911
-89065 8148 403
-79201 56947 7367
94283 -51399 6383
22040 -87408 1377
-87890 34966 2237
98921 -2493 1042
-42200 -14581 324
88392 48035 296
-83659 6746 6407
97280 -45821 3160
70413 -10753 8717
76104 -26323 10327
89115 -18973 9509
-47308 10150 1015
94827 56827 1240
-69047 52044 569
-89310 1252 4031
-46630 93697 18358
-83748 -4771 6658
-89784 -3455 657
93268 48232 362
-74775 13044 4026
-37905 73014 3951
-93595 53579 321
-17228 -3926 5438
-62067 -33906 2605
71248 65976 2409
1976 94687 242
-19691 65121 5109
-44295 62825 4250
-51349 16879 1657
52940 1547 12219
91055 50904 824
-70177 -48862 889
-17176 57747 2410
-60487 -26846 611
-76449 2486 257
52915 54129 548
-84644 1232 524
-78789 -7035 8294
-80265 70038 3328
-93498 53258 349
91142 50627 395
-82026 -68914 755
-11401 -56625 2135
1111 -10041 4880
88200 46587 8855
-56625 -4440 1082
-89709 7572 1371
-42803 59666 5883
-83658 78005 1838
-93413 44357 819
-3897 -21531 9050
91057 49479 261
-85645 8998 1073
-84567 8378 432
-74338 49639 774
-87704 4415 911
42424 96261 3336
-79635 8239 454
42452 81264 2352
-98011 -13703 1045
31366 94196 1862
-73787 55831 386
49582 -67462 4498
630 -75950 965
-42926 -14161 719
19133 -23217 5461
7412 -7699 1313
-83195 37784 1751
-67843 51202 580
-84168 2480 1072
74107 63880 1711
-66830 3741 1363
-14735 -73214 2369
-1821 -20619 246
-59442 -52449 683
11025 31317 727
10651 90105 6170
-741 -23490 2284
-81459 12452 4883
1872 -4146 302
-3280 -28545 1937
-45112 -77371 287
-86489 54351 5244
-79122 49917 252
-12179 -19725 867
-81428 -2107 617
-69013 -49820 755
-35268 13642 426
-16796 55753 3373
-60104 -4326 478
-22313 -54038 851
15340 -67299 1143
-53504 45497 632
-23399 -70219 1819
-92812 52209 894
-60978 -4803 919
49928 18998 6603
96644 45182 911
-81721 -70776 535
-6539 -16760 295
89385 45584 1751
-2637 -10976 10979
-13822 39749 4958
-21700 -71059 1974
59927 -12661 9467
-71390 -50985 1676
-58454 -1673 1879
1227 -10375 2483
-4372 -6954 500
48302 62631 1174
77662 -12074 1516
535 -10944 1937
-97928 -853 752
-93457 52504 411
-24261 -74597 591
492 98508 600
-39731 -29631 599
-74210 50555 1008
91913 63099 285
-97116 -20314 2314
95166 52675 1459
-96804 -4609 342
87959 47901 2804
6597 -7699 454
87638 56137 249
-76449 -68914 965
-9162 -20379 323
95559 45753 2023
31308 -81535 345
-89102 56742 252
-2582 97416 1303
91999 53783 1345
-74092 49651 774
-7706 -10319 378
-930 -8163 4165
-86178 8691 671
-29119 -76320 1027
46363 80901 2020
-85758 3223 321
91536 52079 2237
2524 95335 2834
91620 48684 1487
-57458 45595 950
-86022 1707 354
-84618 12219 1008
1952 -15458 1493
-32045 -35262 316
-88539 10216 3547
-74018 -79359 1191
88195 48190 911
-8516 -73138 1854
-68692 87189 5313
-66631 58874 241
-90514 41733 602
90686 49298 525
-48488 60296 4700
-22144 -52466 770
64780 -7890 365
-69469 -1636 3966
53225 38989 2276
87246 41783 1345
-89187 -2127 2884
-77678 50034 1073
-84252 50059 1287
69149 99325 551
-92640 34414 283
-70082 55870 867
-86159 -12939 5181
-11822 -85691 1677
4336 -53397 1233
1711 -16671 3169
-320 -19798 378
-62409 -22390 1627
5396 -5676 448
-12139 -12826 2131
92932 52250 548
-79353 485 355
90492 49191 263
-76977 91717 1738
-97689 -452 816
-77376 55314 683
-4569 -1032 1362
-37535 -54430 463
-66464 -83446 1944
-86641 10585 911
-76952 -22983 4044
72852 50505 8086
-82290 13152 474
-89241 8751 1371
98650 -14823 2173
-70910 -78551 1403
92174 63179 263
68737 -78467 8938
-88953 41375 472
-85027 434 1757
79493 -90829 6217
-15376 -54550 1363
-72519 -66479 804
-69660 -480 719
-85702 373 759
-85770 2530 378
13497 30110 1526
-85312 160 543
-36888 -10199 755
-60321 -22962 293
-1425 -8683 2249
723 -76872 889
39773 60786 3589
-81282 7131 657
9283 7006 4077
-91608 40763 789
-97278 57683 336
439 -12650 872
-85709 15243 256
-90119 -2858 713
-45139 6600 675
-42434 -15638 432
37508 -91722 2393
-87794 -21524 1679
-77766 33970 1360
311 -13742 251
-57350 -33201 2213
-85500 10717 278
-69974 -1130 391
-70343 52664 472
63467 -32235 258
-93805 -38236 3792
94830 41272 713
-75463 10608 282
-21995 -55523 723
92237 47219 418
6197 -9247 1534
12947 -83795 561
-58764 -686 863
-85213 19953 727
95734 44910 989
16930 -90669 311
-83252 2635 1793
-85990 401 6886
-3128 -76975 1233
13804 1161 3649
95447 37638 465
418 -81812 835
-59238 -2303 254
-19220 -51807 1180
88583 78793 376
32673 -22192 1671
8311 2372 11805
87706 51787 968
-30409 -51067 338
88038 -90137 1179
-86232 4905 4052
68334 61810 706
-27372 9540 7614
-92552 15730 411
-87201 12498 929
96926 42037 2195
-88325 5859 483
-3568 -76916 1338
-57560 -92054 13944
-84014 -15119 12497
-7316 39627 889
-83209 2695 929
1070 -16402 3470
-6470 -18088 1363
50162 75519 1865
15704 -26083 3681
-28448 -78966 804
-86889 8145 756
-62523 47225 1318
-88319 4065 2953
-86894 5195 4866
-87129 13065 569
-82002 -82200 485
-1357 -12900 2683
-85802 2891 349
-77939 13943 1462
74686 -14974 7107
-87366 17569 445
20471 -85640 828
-77769 15456 1587
93282 53219 1459
-74585 45322 403
95378 -12521 1846
96860 -13632 1304
-89123 1852 3512
-83086 11571 774
-68262 88403 9103
23372 -83539 1058
-122 -18911 662
-68436 -51834 1423
-93675 49669 1142
-76476 57182 411
92241 64782 505
-87202 33504 2237
-24330 87865 550
29073 -86695 1591
14942 -8736 2626
-57399 45601 950
44888 82404 4279
-5537 -17600 1108
-78139 52993 804
-2994 -10440 803
-3002 -93220 9773
-9633 34725 8436
66455 63907 404
-24044 -61817 1451
-84421 1034 1522
-79554 -87121 2374
3221 1217 9375
22847 -24798 462
-69840 48354 261
-87130 6414 4274
-84087 13126 252
94247 60058 970
90442 52504 970
65451 -15265 1777
2374 -3604 7882
1851 1212 2640
-78166 -68464 965
67839 -11393 3329
-5555 -91902 947
-75205 -59778 1423
92333 51224 505
-93302 44371 569
-154 95042 1977
93203 52068 1718
-82966 4476 929
-1940 -81128 965
28295 -53523 11195
87959 47901 2804
93713 3072 2854
81637 -93246 1872
-75055 49859 1093
-15352 -81300 2974
90460 -22339 270
-7549 -12991 1127
-91361 278 989
-85610 -44108 2968
-27412 -28929 1259
-63588 -51823 1027
-71316 -90405 1571
19702 43003 715
-94607 -7906 12947
6319 -11498 8923
-92796 41714 629
-11120 -22626 1340
2963 -23133 975
-88348 49484 1187
8143 -6434 449
-58555 -9448 2605
-83674 833 2486
-79543 10430 1145
-15454 -19159 20256
-16455 -53808 1256
-70260 52109 804
-72022 7797 11989
-40656 -28733 706
-12921 -9610 2333
-71088 51983 727
-87221 8782 722
-92264 42097 683
-91745 15353 483
-93604 51707 403
90297 -89244 6825
-38990 -23913 552
76920 -49090 2725
-1564 -23345 7571
-84278 -1319 1052
28551 -87270 1909
49763 72128 2522
7358 93443 4649
55452 90714 1526
-3066 -78157 1136
-39452 -24257 599
-66198 20415 10899
-85452 10980 256
-56387 22276 4418
-85150 3740 252
95408 46084 2023
-13923 7180 2192
-85523 1168 570
-76872 -80692 932
37197 -87715 2031
70294 -21041 548
-7707 -65991 2721
-999 94035 6263
-76268 -72856 641
-84805 12111 713
-89467 -11866 1584
-9795 -84383 723
89843 49229 657
-61187 -3902 345
18299 10784 317
89070 48186 268
-82482 40914 1487
-92496 514 5028
-86710 16234 321
-85143 -48202 251
-12494 42484 3142
-1319 41626 3870
-3700 -74152 1451
-7187 44353 6515
-94510 50953 429
-66378 -13349 3328
-74225 49425 355
-72903 -50115 1818
93721 37628 285
39984 -97862 12960
83572 -43396 11361
49093 -69854 1547
-2989 -78651 502
96707 47529 296
-21797 -77021 2522
-99867 -4902 1023
-60904 -6260 1499
92471 45076 2382
27707 -86010 1466
-26766 -59764 1312
-80046 9525 1897
-61701 -51920 872
-12501 -6791 14912
92858 51250 548
91982 52498 465
-21655 1365 772
-4957 -82511 1180
87979 50822 3043
-89020 56991 273
-80440 35184 2757
-21261 -3068 2777
-86286 2679 3998
-74617 -68072 580
99881 -7109 1204
1388 94657 544
-85775 3449 2617
-17179 21551 1121
-79299 -873 411
-79558 7773 493
11986 20275 651
-84968 1789 738
-21874 -39090 4484
91539 47631 727
-85415 1180 300
1797 96884 1070
69072 69471 4392
-5346 -54810 1342
-97958 -5637 2635
85690 45714 2062
-25302 -62201 1545
76 -14745 1847
-41924 40485 2169
-49648 -28462 1471
-44592 -19398 1249
225 -75030 1047
-74320 44004 291
-69564 48029 371
-24041 -78388 2736
50928 59093 2251
-86312 -600 548
-94138 45252 670
-22859 -52656 709
-93021 42559 1974
3384 51975 4439
93585 -43040 5821
-81370 -47548 2521
81414 44774 5464
-84771 -3442 232
-86115 48219 1397
-5615 83226 3670
-67894 42560 686
-70082 -79877 1522
-868 -13506 1752
-75341 91596 667
98388 20624 2858
-1729 70475 6673
22030 -81887 1078
629 87137 562
-51091 -82218 1273
-49691 -49212 1055
82662 -49435 4204
-88505 41312 435
-60165 -1101 1732
10743 -83154 373
7800 -16223 4408
43728 -13667 6389
-91186 45233 670
61462 -13912 381
94199 62633 759
10359 -3661 1750
-89900 29095 5662
-10113 -99745 1572
-68126 5337 542
-86418 6214 445
-54336 21649 2117
-1428 -7590 1346
-61193 47654 1318
-71072 49057 1558
-67599 50701 535
88499 47063 371
-81253 -2035 617
91144 45572 580
-80684 2381 1519
-34639 -61680 545
-14655 -3314 4153
40868 61307 4845
-87263 8064 558
88691 50012 1073
-90731 -3746 762
-95954 -729 589
-6351 -18090 7108
-989 8790 271
-59484 -6490 1382
-20056 -68943 1819
-72808 56135 302
-7539 -9516 322
48740 -61555 5552
81534 30544 5203
-70798 48055 474
-48706 91180 986
-6039 -2642 2370
22174 -18600 2080
-89514 -91944 1961
53383 -69734 985
-6007 -7488 2126
-92374 40685 236
-62005 -3075 780
-63916 -86808 2289
-62161 -3807 719
-83534 2349 7523
-42 -16258 2550
-85339 9797 911
-15494 -11049 451
-77224 75946 5914
91468 46024 535
-94479 38653 3841
-76269 -70684 819
-89096 4426 1111
4914 -12198 4366
-84091 36196 1900
88897 50303 1371
-93154 37937 1545
-65171 -85004 2110
18927 -87209 648
98492 15191 8100
-8167 -90088 1209
-10774 -86912 1545
-87553 7501 321
1128 -15457 2401
-30170 -76180 846
-47015 -60421 4970
1673 -9205 850
-4627 83910 1188
-42932 -14194 254
-43709 -16222 478
41276 79289 1822
-71832 23387 8397
-74680 54587 657
92399 38430 1073
-86471 -5 616
93811 44710 2195
-10055 -17227 1468
-26535 -79769 2969
-36976 -55265 545
-85347 -53178 260
17908 78995 3104
93047 53620 3583
10101 -88929 3347
-88723 93081 297
10797 -27004 1099
-4061 -1678 1255
-60583 -21225 258
248 -19262 2605
59252 83993 2319
-33462 12371 2406
-92191 40849 256
90176 46884 856
-82909 -3298 321
-64757 -33556 2827
-1267 91203 360
-81525 4778 918
99207 3119 361
-74449 55761 558
-81062 -3609 8554
-12357 38389 4076
90639 -22527 249
64915 69664 3142
-92176 9237 1614
-91591 -548 911
94189 47081 2195
2869 -17878 1849
-81136 48903 1371
-4001 -2541 1794
-85682 664 2930
-1257 93735 1636
-89045 45916 236
-88020 -81424 1679
-86891 53553 657
97996 66421 1863
-15850 32432 2487
-87288 17148 411
-41253 -16002 244
-81787 -3940 445
-65929 -27519 1082
-98862 57755 268
-97582 32574 3101
94634 -26517 318
-91219 -22610 1735
-87361 -709 3002
89164 46143 1751
96753 54056 3887
1492 -8003 1114
-65467 -4723 318
-4654 79481 990
-79223 -11844 3040
-9132 -4143 2091
-19005 -39277 1448
-82497 -83357 380
9054 72325 5479
15874 -79471 2330
-40654 -24749 706
-35934 13976 328
-88746 42451 493
13224 52460 4486
-88831 57204 296
-84468 1346 377
-96615 12363 2062
2195 95684 369
-77375 -11697 2325
2005 -16147 6503
-87781 19602 2070
91218 49259 284
80888 -63733 9204
-81611 18488 273
11095 -83317 405
-83060 52088 1093
-2534 -19332 3951
-76125 84982 4821
-86322 -4852 445
5080 -17220 1719
-87931 8620 1263
-3637 -90403 4647
-82318 -84031 323
-99001 13485 2237
-38602 -23552 509
-76062 75645 1809
-97491 51288 296
93928 48208 308
-86814 54763 558
2154 97794 251
-26442 -71162 1545
67319 60971 1302
42383 475 6015
68107 392 12757
-50989 -55891 1118
-86816 18959 569
651 -13586 6229
-56 -91294 386
-55311 -31346 389
-76338 51844 629
-87251 -1510 245
92396 43231 2584
-55389 -32384 2039
31111 27443 2772
91623 63164 309
-90759 -40230 3494
434 -83661 851
491 98986 10753
-20924 -81122 2522
-86570 2101 284
-84778 8642 911
54075 99216 1408
16979 -89996 366
-74855 49911 840
-81339 9394 236
2467 97947 278
43636 -77474 2246
97388 95116 4347
-91664 40757 302
69583 63372 3189
-65108 56988 2150
-82265 12131 558
-85401 43524 1487
-2480 -72781 1338
24987 32343 4862
1045 -4163 274
4167 -16691 1550
-80255 19929 232
-93828 46625 789
-67504 50197 493
-27491 -1198 2273
-86813 -15122 5006
-85071 1222 563
-58106 88830 13918
-87871 11494 535
-39290 -32965 312
93653 47821 970
-62057 -5207 1627
-1482 82036 498
4894 76109 7777
-86212 9220 1287
-59866 99957 3443
9658 17697 1626
-92516 3508 1263
88511 48039 315
-64657 -38784 1647
-96616 2576 354
94534 52356 1584
-34282 -61186 629
88364 -58476 899
-73744 -80931 447
90287 -21784 318
71606 -2461 2571
-81863 18356 296
-43832 -76931 386
-27899 -60489 1312
-94132 51117 395
-84528 -1053 1084
-87373 7058 1164
-84426 48729 1397
-44847 -27592 1061
-5683 -16840 6907
-94519 11868 1900
-67626 -32891 3067
328 -8594 899
-10875 -47075 6487
-87746 8296 515
685 -13565 846
-85657 2152 411
50145 70826 11915
13458 -1941 12309
-88397 6317 445
-92141 53473 1194
-84896 2580 2661
87508 -79928 1554
1102 -11888 5832
-8903 -4978 483
45006 19381 2710
70518 -34388 3777
39983 40775 4946
-8949 -89100 1312
-95011 54165 236
87720 48655 403
-97116 -20314 2314
-91877 32277 2634
48541 -20509 6888
85731 -86360 6145
-233 -12041 1899
-85318 392 1008
-97229 -671 693
-70773 -86451 7252
90494 -23189 651
93225 49310 894
-80083 -1947 4547
-30427 -9212 2075
-58979 62758 3144
-73787 -74447 3038
-33427 -57308 889
-36068 13320 344
6159 -17552 292
-69569 48333 284
-31548 -97746 7855
-76051 -80173 1012
91792 41240 970
-84660 9862 840
-12312 23775 7351
-4781 -55988 555
-366 -16139 5393
-79532 7260 535
-85952 7712 3921
38647 56137 1581
-92048 42667 641
93245 64372 594
-98742 262 6405
94658 45742 2195
26332 -34013 653
-96461 52219 411
-52262 45201 644
-60716 -22326 1765
-73890 47708 606
-38886 -72190 2301
6859 5557 3476
74764 50740 4657
-80183 52026 445
-39123 -31097 469
91404 64427 429
-82199 -70127 591
-85861 2404 3220
-62580 -88783 2484
-7219 -53 492
42654 -91115 581
39534 75802 6121
-93807 45114 889
-98478 -3530 241
39472 11958 6431
-62060 48718 1430
89629 44358 741
-92021 -15392 5432
1812 -12088 271
-66454 -50226 1209
-97425 -10846 2227
93250 -24087 470
-8155 -11323 3019
-77901 -50639 2141
3853 8390 1642
91839 48192 263
93886 49567 247
-5507 -29711 3259
-80633 -40135 3282
10409 -23520 13560
-8029 35742 558
-87771 13184 856
-93524 10015 1751
63815 74604 8664
-10086 -13335 1010
-42473 -16051 398
55756 -20160 2044
11206 12325 1656
26804 -1866 2619
-77952 -666 1183
1039 -10303 245
-55822 94051 689
-58332 -3761 1174
7627 -10560 681
1393 79079 415
92123 48985 403
91024 48174 515
88321 49785 515
-84143 2152 851
-84470 3359 236
-78510 -10275 4252
-35030 14018 706
21681 -80913 994
26837 -78220 527
-30223 -15965 1758
-76893 -4286 8237
-84800 473 792
-93911 47008 1047
-84563 1172 2266
-63358 -2381 611
-75091 -82071 932
-89455 49750 1093
66778 29464 7474
-90255 3391 2348
-78753 -84313 456
11661 78411 7155
-80501 -68346 889
88930 76854 1886
-88882 -3258 623
-8232 -2152 1452
-89119 20895 1105
-88102 7077 378
88841 -21321 902
-3784 -7013 5428
-93110 49252 1142
90469 -24584 3015
22586 -78187 933
-72319 -81786 620
27122 -79140 448
-74839 26013 2001
-97516 311 752
-58215 -31798 634
-89379 32673 2427
-26145 -72174 804
-36569 14890 618
-10499 20523 264
-82849 11077 657
9810 86413 5543
-17955 -99551 837
-80829 15721 252
87146 -19893 1062
667 -14362 650
92311 37673 273
26 93171 2398
-1611 80230 7111
92536 37223 232
-79107 7592 474
89275 45552 2584
-79904 -84450 1666
-64436 -2665 519
-64831 -24100 1382
-70359 54937 524
-78765 -81717 571
23474 -87377 1495
94706 44976 1073
-85895 6047 1374
25294 -84789 1246
1325 -33363 296
-84139 10477 774
-38022 -22360 398
92333 -65974 8641
-76896 7765 291
-79903 15192 349
-4208 -52915 1871
-91056 43162 1785
-10501 57288 3274
-96489 -5609 1158
40151 78188 457
1056 -13805 1317
-80705 -46533 2521
-43174 -14223 234
89006 47419 840
19633 25515 13372
-9042 37623 3622
-5273 5250 1021
2621 -13036 975
-94573 52573 569
-98570 30874 3604
6226 -18088 1234
-23898 -73616 502
-88596 9699 4590
-85081 1481 483
-86044 2424 1417
93613 48270 334
-73012 -82878 730
-59647 -1832 381
-76598 -52229 1973
-84760 -7902 531
95869 52747 1584
-85954 -41991 8283
-39054 -32336 367
3177 95211 2238
-37879 -58635 1289
-9152 -23205 1827
-82894 -68956 835
-93042 73900 6017
94501 50466 700
-33930 -59877 741
26696 68486 875
-74121 51252 5558
-84644 -3647 252
91261 50879 645
14607 -84713 717
46797 -71563 7357
-87253 -9465 421
90367 -21980 766
-41484 11847 2712
-69555 51739 617
83652 46740 1864
-2617 -20762 1964
45211 -34416 7764
3822 -9008 1021
94786 37106 395
-89181 42723 535
59799 28780 4163
-86217 47393 1164
-95906 52154 16945
-22039 -64237 1709
-84247 8913 989
-45538 -26329 2071
-3244 29016 13132
-23972 73119 308
-22343 -54855 785
99 -11792 1783
-73516 -14451 3918
92780 46225 1263
93865 50923 594
8321 -12469 6570
-88848 12081 1785
-75386 -61651 1574
37828 90751 1454
29403 95685 2420
-19548 -52568 983
94005 10071 497
-64515 -29932 847
-4726 -92274 873
58654 23496 6210
91783 50596 759
-54203 -30212 258
-47693 11160 1102
-65344 -3682 406
-88095 41232 401
-90269 45256 355
-8546 -72386 1854
89595 50328 1345
-73002 -81009 253
-87595 12603 629
3275 -14941 267
-76052 1911 2310
95230 -31470 4844
-94527 54309 278
-84342 -1300 2370
94286 60989 894
-84639 3537 256
-78918 74652 10751
-72310 53412 727
4413 -9150 4954
-79088 -151 349
-42324 -94907 867
750 -13222 1706
-860 -7066 2753
-91466 47785 1008
-80967 80015 7717
-56071 25907 2493
-67657 57466 393
-23987 -65288 1819
86588 -93298 765
32075 -88405 1873
85907 -93144 798
4829 -12194 2225
-14630 -83390 1974
-20415 -75034 2324
91144 50862 285
-48414 -18025 1596
-10878 -14358 3821
-39788 11479 6094
-91140 -92911 1008
4174 90912 6131
38173 -62171 1616
-7100 -30641 2392
-88900 -33664 4918
-95072 6955 1614
-11167 -2546 459
-89986 -10445 305
81283 -35359 3587
-78106 56869 273
-15732 -10415 5425
-87859 -35312 2047
-61826 -1156 1596
89825 -23078 706
67554 68104 12949
-67183 42624 744
41120 76496 3035
26439 -85399 1351
87602 45201 1900
-8349 -9248 3709
-64911 9465 359
-88116 -694 474
-35008 -62051 502
-70810 72011 2925
-7399 -84431 924
96672 -5193 1332
-85445 817 362
-87243 -3159 267
-8896 -33098 1731
-49722 14291 1408
-54100 -55053 1450
-35667 13750 436
-89377 40222 1187
-64606 47438 3749
-81464 2358 554
89414 47521 657
-64045 44125 1031
-59582 -821 795
-75055 55507 493
-79902 49035 1263
83710 -93531 781
-93625 10090 1751
7826 -9836 3482
88035 50080 1164
-91842 39859 386
-83782 9996 774
-96830 9980 1900
92045 41611 9806
-82163 9142 896
-86847 54182 606
20195 14300 2928
-72336 50876 856
-68980 53869 493
-89387 11661 1487
-85226 1227 608
-92159 -75717 895
-79007 6787 2556
-12684 -7358 4400
84244 -15561 2399
32835 -50229 507
83167 -92106 478
-30199 44778 562
64588 59832 1929
-1535 -21209 7679
91533 50729 1345
-82595 52021 558
1521 -14855 2073
54072 -4430 5889
-84213 1456 249
45 -13653 306
91643 50729 242
12432 -83636 517
-8327 92046 10002
-82709 -53659 3019
-84132 -2480 5197
88609 47419 840
-29000 -74106 1209
-15160 -10662 3305
42511 80794 538
-68196 23965 741
64929 -9575 481
-76280 -78198 932
94824 39786 840
-87154 6270 291
-82950 909 384
97021 -13519 2003
10970 2217 3854
62860 13806 5027
93014 97987 5807
-91345 5609 7865
78137 71651 4966
63364 -78165 7848
6509 -12514 4662
91532 44523 2382
74920 -63090 4957
-76573 720 13238
-74525 -82764 859
-88004 1948 2505
-28507 -72947 1312
-56237 -12166 2401
-69490 49027 268
-20581 23598 296
-95368 51214 505
-83917 1125 1055
25197 -53105 8179
-41509 95020 1398
-55090 33388 5795
92173 30889 5966
-85262 -36182 5223
-92696 -29386 2130
-10262 42339 14171
-93491 53502 824
-25403 34972 7621
-28048 -99863 807
-74341 46162 474
1604 -7324 619
-56078 -31697 458
-13431 -58466 1742
-38168 -21642 338
-25208 -74356 1209
12451 65257 2908
-92021 -15392 5432
42058 47709 1005
-75170 -68016 534
-29476 -80725 3222
37318 74341 1098
-82193 12243 558
-82585 15775 524
37409 65316 2494
-76660 7914 268
96178 51126 1718
233 95920 7281
-61237 -4229 318
-12498 -72809 2183
-3448 96087 505
66048 63256 2707
-83402 -9923 654
5981 -17113 431
-43774 -23935 978
39798 -4480 13052
91791 54037 1142
-69810 -79513 1522
-97904 -18237 2132
-58193 44312 950
-62602 -51807 946
-93981 9619 1751
74547 -55318 1421
91600 -22795 553
-818 -12437 6138
89617 -21705 832
-7889 -12303 244
-90686 -1417 840
41503 11134 1695
-93953 54950 700
-82471 14642 515
-89382 14060 3425
-10474 -72264 2012
-9176 -3255 454
-64491 27760 3141
574 -11765 505
-87475 13248 7951
-75325 91759 10473
-83854 -68896 923
-76193 -72192 696
-35440 14928 1811
-26944 -61466 1424
-82488 11594 606
-89225 -78839 3197
-4519 -2293 717
-81125 4019 727
-65111 -5174 270
-16761 -71037 2369
-4611 82937 971
-1028 -14991 10061
68453 8259 1118
-88333 42221 454
-92048 51675 789
-74941 50175 840
2537 97416 448
-6467 -22916 315
1285 -14256 1399
-82952 44833 1164
-80812 -3139 509
16007 -46727 589
-96981 -4886 315
-84362 47275 1516
-97569 43860 1718
11498 -83442 439
-88507 4553 4570
92018 49408 364
91236 64052 395
-78619 3503 5576
-97101 -5164 291
-81751 -2575 256
-61829 -9152 12523
-90812 42301 804
93053 49501 315
-85358 5862 989
-90505 49729 1008
-1682 -11488 7776
94411 37049 364
-1132 94280 5902
6503 -12139 855
-8058 -7099 695
-83568 -2182 343
-31989 -34539 719
-2508 -78855 545
-10984 -62194 881
-26939 -2958 8825
-12975 45742 725
-86805 4638 2726
-32265 -60773 755
60932 46428 3174
-5739 -18663 1154
67 -15921 1935
-20366 81085 656
-95777 -22318 2511
36548 -24712 1446
39660 79199 10923
96087 -8004 1568
92037 11419 7349
-6161 77554 7882
-80845 -1998 569
-11073 39562 2209
-84942 10577 840
-11033 -30114 9343
-84107 1132 569
-87055 -95853 6450
-13982 -5390 1801
-74422 2332 303
-36607 -55697 591
-69547 21098 2560
-96585 -4328 371
-13490 -56795 1605
-57067 -3055 2039
-25282 -98566 2609
49881 -62002 776
-95119 52575 524
-59593 45825 1119
103 98154 2188
91988 -78948 3846
-96564 -667 639
-361 -2924 4471
-2051 -5370 860
-1222 -16886 300
-28540 -38281 3797
89445 47346 411
-73943 49010 713
71628 99723 2686
-84692 -345 929
-68212 53413 271
-83631 -10638 310
5820 -12050 11278
91870 51080 465
-90565 43890 683
7309 -11069 575
-86331 -3528 3226
-72786 -79211 1293
227 -79318 889
-6468 34809 1726
-24014 15795 1250
-18644 -71306 13904
-54931 40519 537
-57097 -53427 591
11761 -73233 7891
7942 94771 636
393 -4969 249
-1822 95180 3176
-9741 -25188 451
-82348 1501 2565
-84176 305 337
-15163 -74901 11529
78862 -55209 6470
-76807 -57134 1676
2788 -1357 9820
94040 -32226 2380
-83172 18855 929
6872 91914 7452
-96933 57626 364
-60928 -4713 270
354 -19253 421
91386 -11947 1881
1979 95125 629
-64387 -2502 1356
-69047 56251 454
-35945 11360 693
89008 39600 1371
21179 -85148 899
-98281 57748 315
-34244 -57365 381
-39451 -30133 552
-80987 52542 524
-86658 36724 2062
-79145 179 321
-99916 -89117 11661
-85590 19466 1460
-89207 3110 1045
-90058 49900 1008
83449 97864 11886
2883 -7925 1619
93813 -24746 399
-43000 -24467 901
74487 -26515 8729
-91598 -1389 3944
-82984 1568 670
381 -80158 820
-75347 51240 535
-2877 -77999 1233
-76714 3228 1473
35983 69984 3085
-86734 7525 252
-10564 -24017 2646
72384 -99173 323
15155 19924 2871
-6156 36890 5598
-72688 -38402 10282
-86565 7352 232
97351 -4110 1227
93303 51024 548
-75134 -56314 2011
-91484 50435 776
33470 -74732 6468
85137 43638 1584
-5531 -17506 1311
18155 -88121 551
-84545 13762 321
89219 50341 1263
-90103 -1007 2624
-99952 -7315 431
-57172 -7365 2401
-84648 2484 420
-90477 41597 524
-1147 -20828 9726
-74045 50144 1008
-41525 -14792 847
94833 49816 759
-91830 3732 4809
90735 47717 349
419 -82774 924
-84061 -975 856
-77731 18902 1868
8564 84061 902
-10696 -2725 5228
9133 64346 14161
-92173 15531 445
-89307 41359 1093
-10414 -3888 1447
45045 80200 2166
-75964 -58505 1545
-5237 -18777 797
-65026 -4840 1151
-690 -78643 696
-89621 8642 3419
-85692 8358 989
-5548 -74815 1575
-61125 -4513 293
-98706 -1621 738
-99690 -6973 323
-77090 -56448 2509
-24977 93684 1263
-57867 51226 9426
-93379 50725 1053
25465 27386 4664
98588 6335 315
-39944 -24418 4668
18516 81842 1477
1105 -5041 840
90892 53409 1053
-56849 43186 807
-90665 3829 1164
17542 21646 2951
-84712 -1417 3492
91442 48436 474
-17022 29218 1092
96223 -6505 1445
-6450 -91488 1027
27597 60453 342
-18247 -99249 2113
-71810 -80838 3994
-84915 -4486 3693
-84120 44145 1856
-5083 -17761 4461
16930 -29927 2761
28571 93466 300
-4148 -31095 897
-65524 -25231 1273
-86322 3548 2138
90312 49607 1371
92458 51376 1240
-85522 -317 391
7456 -14317 949
-95320 52787 645
-74475 45727 437
-12010 -11194 297
94351 47844 261
-13314 -5749 10031
-27423 -60791 3405
-76478 -65657 1232
90337 -22086 293
-87805 47876 1073
99881 -7109 1204
-69622 55558 445
-86764 1036 901
-5673 82999 487
3883 -11921 1977
-78367 56446 232
-82659 16925 1093
-85455 7977 989
-67777 45734 3456
85054 12987 3148
91039 -83744 295
-86361 46057 1263
-88408 -77369 5052
1629 -5616 7309
-75127 50044 1093
-56982 -64873 7415
-10324 -83934 666
-82012 -2518 278
89909 47650 1614
-1209 -17711 615
1487 -14029 1563
9645 -14994 282
-75602 -54272 2182
-86091 3331 2590
90565 46782 1614
-77848 7518 371
12570 27470 932
-93183 40642 535
-90414 40181 670
33406 57268 8318
28722 52157 337
-73395 49393 713
-73355 51008 929
-86786 11624 1008
-86423 19403 617
92021 38189 321
88895 -46615 454
-62716 50055 1551
3239 -18090 5720
-84701 -4051 3532
-80133 7517 558
91221 63673 364
96460 47671 273
82331 2606 1300
91707 39231 411
-9881 40825 589
-294 -14032 5953
-8847 32269 5709
-99772 37561 5389
16600 -39071 2042
-55471 41549 632
-85262 40259 1751
-7189 -5659 1397
-93818 35196 5643
1429 -12933 1147
91496 48470 252
-60847 -4982 563
-56247 73499 7394
-88376 13740 789
-85463 1223 1379
-32908 33821 6309
-57517 34248 3185
-29172 99680 1574
-82728 -1814 727
82980 52962 2382
75152 -10009 1469
-81441 53270 929
-38486 -20800 265
-88108 4254 1397
-79638 27506 2590
-4976 -82582 555
-35266 90624 286
-73963 43609 247
-86794 348 3315
33660 42675 3450
-87928 42061 418
90104 45820 2584
99095 35051 3365
-81161 12923 569
-7458 40555 1150
-52324 18303 1798
-77588 -79308 792
-86056 2757 1469
-21867 2122 17535
-88278 284 1480
-98820 42646 4966
-31835 -58649 947
-56545 45620 876
-53739 -31331 1879
-69292 48260 342
-40833 -91140 7538
-73335 -80708 485
93025 51133 645
-86973 40495 289
-13546 28502 1423
-60407 -26265 563
-12751 37844 10670
-99832 15662 2427
-46623 71446 4079
58759 -53590 2674
-72465 -81209 571
92795 50888 505
-71378 44037 3822
-54944 49291 547
-82604 7027 503
-73088 -33114 6177
83838 55290 2584
-55555 -79398 482
94644 42183 2382
-3439 -6395 2583
-47710 43350 4025
-96331 4238 8645
-13983 5426 7921
-8865 38876 1278
8989 84708 4932
450 78727 2802
-72114 74764 3173
82608 53135 2382
7446 -16969 497
-77248 40179 3246
5043 -5648 8180
-85859 38535 1900
-4834 -18605 385
-45023 83584 2799
6825 -7454 3428
-69428 54020 454
-98643 -1172 816
-86999 6464 8458
-83353 -128 501
-37454 -10798 490
-80680 -2081 2548
-46531 8395 4300
-74463 55180 606
-23791 -73583 2522
40267 -30690 2722
-72575 20050 14834
-70705 42527 456
16136 -10908 1728
17791 -88504 507
-93276 4582 1371
-89839 -9256 3857
7135 4452 18172
6720 -15369 1925
-75389 -77811 1012
82551 48827 2023
-87553 41916 386
2360 -901 10246
-93591 45218 3329
-1071 -8825 248
-3417 30772 9650
80570 26953 6839
1399 -8343 783
53285 -78995 10687
3545 -11476 4168
-94246 55554 645
-28915 -77285 947
51988 74574 3212
88730 47561 713
-89248 -803 838
452 91098 11078
17467 -86526 994
-84606 15729 14483
-5496 -3001 2373
-81585 -70167 641
94421 47603 241
-62843 -30754 863
-96725 -93031 829
-4184 -74545 1451
3425 -8362 2838
-1281 -13534 10311
2752 -18646 3428
60317 24361 3076
-98835 -5430 7280
95689 38058 505
529 -13562 264
-60165 -1101 1732
31789 89208 9939
-85570 15040 236
87602 45201 1900
-82243 -11133 1578
1149 34724 11178
-73296 26215 1063
-15294 -66481 2414
-92494 48758 1027
-41387 -24798 766
-39914 81831 3246
-18968 22309 8920
-84742 -1130 465
-60553 -20979 238
-56989 -26431 2255
-56610 -5129 2213
-86673 9636 989
-76277 -63027 1451
85641 46676 774
-96499 12103 12901
-72252 24622 778
-87396 10647 454
-34200 -60535 683
-85634 -3312 3265
-89250 42721 1936
-91554 46636 789
57552 20560 2059
-20551 -27611 398
85920 -92170 837
-7610 -6647 601
-84383 -66695 2652
-41967 88862 797
60200 27012 1177
89114 48686 515
-38179 20141 10338
-92652 39849 454
-85770 6343 2751
-87837 12050 580
-91589 -8358 4216
-25399 -71792 873
1855 -13092 1339
-29869 -11132 1610
-85275 1237 896
-883 -11998 2638
-22755 99547 842
33356 -69301 10273
-7542 -94826 4201
-30843 -61521 1705
-2766 83096 2410
-95082 -5090 8044
58934 46513 338
19775 -22741 883
63710 22589 482
-85880 3550 345
-77231 1373 1391
-95838 57066 465
-81143 -1477 3263
14726 -46515 3564
94120 81635 3162
-3750 96727 352
-84028 7989 911
-56293 42646 744
-4690 -19249 1251
-49670 -16935 1732
-6758 -16578 7763
-93990 52464 617
-61474 -2460 847
50620 92684 8007
95438 -77656 3093
-55319 49062 4415
-77631 -81166 859
88319 -45380 5704
-31655 -35057 374
87481 48171 989
91374 49009 256
-86181 -1407 624
-27035 -80890 755
-15366 -54103 2177
-78213 2856 310
91256 31889 3962
87253 28166 1402
76582 54071 1864
-15499 -53154 1256
-91778 37384 1424
-1283 -93086 580
-83476 6744 840
70585 -95315 5749
-95507 46251 1459
95669 45755 525
-2894 -11343 387
22014 -78974 1013
-80197 4976 617
-20028 -4611 5509
91933 47958 242
52193 45885 301
-60509 -21780 254
87672 50783 1263
95397 39660 645
-2609 80926 682
-68430 48520 328
-25484 -74779 696
-54984 46006 744
90262 49026 483
-636 -19037 762
33423 48162 5317
-66688 58359 284
-70848 51390 727
-4351 -84105 591
-96328 12671 2062
-41690 -17880 978
-71901 69568 11999
-53014 54999 10990
-76869 57164 378
44266 80723 656
-78663 -85865 329
-1942 -78903 591
-84599 -7414 449
57437 -21773 609
60468 -59631 5349
-86277 12727 584
-84929 721 13660
-32831 -80826 3496
-53973 47085 758
51524 40186 3514
-63185 -6491 1174
-16838 41730 8475
-51784 -28743 5766
-65904 -26393 1174
-79361 -49419 573
-85291 673 1470
3115 -3815 477
-32024 14329 1813
-74486 -9588 3918
91113 -23103 600
23998 -77216 793
-89791 45705 302
-44058 -15866 519
-80350 -1768 524
-68775 52343 314
-76829 -28186 3918
1453 -18754 414
8914 -2354 2390
-57610 -31868 585
37272 45956 258
25294 -84789 1246
-7585 -6166 5917
36267 -37490 617
-71 -9900 278
-78473 -47467 2323
-705 -14765 2292
-45999 7788 795
32912 27853 13250
-57224 -5395 1174
-1571 -19990 6905
-86014 46198 1263
94245 40441 759
-75806 34290 8637
-30617 -57712 947
-72840 -80808 527
1394 -10379 777
309 -16121 1013
-83701 5106 840
-85424 1793 445
-91485 31986 3623
-60420 46670 1214
-60333 46726 1214
-85192 714 245
-225 -11701 305
-38294 -23173 469
-59508 -68065 4423
-36659 13959 968
90714 53904 1240
39519 78799 1073
-4013 -14368 6662
3390 -15122 2776
89290 46988 774
-48387 -27826 1356
79188 -3540 6678
-65326 -4993 293
-91091 48261 929
41899 78997 1793
703 -20388 567
-96287 3140 301
-92290 44149 483
-388 93322 1654
93372 50643 2428
-42326 -16404 367
-57608 -53676 2141
-72540 51368 856
89402 51842 2062
41426 92756 4604
22656 -82820 975
-76150 65568 3193
-41445 -16484 287
65310 66960 1536
-78840 -82767 485
-678 97033 715
-5484 -13257 12535
-95617 52503 483
3366 88994 10002
842 -10153 248
-18241 -97874 10580
-74544 48552 278
94285 59048 1053
-95237 10941 1900
-10403 -72729 2012
64090 78057 3357
91759 88440 2797
-91727 -43410 825
-92602 11958 1751
-91926 40880 278
-18806 -85134 1957
-85470 10208 1187
-85698 44921 1371
-93495 52078 371
1682 95997 368
-42183 -24751 831
-75037 11747 3119
-79911 -25509 4252
-93881 87497 1905
-87492 -2753 6857
-26502 -72858 741
-42117 -15615 414
-86693 36751 2062
-92927 4938 1371
-98025 -443 627
-94662 17193 256
-80528 52335 483
95726 34084 3651
86153 46138 713
23088 -40603 1448
-47375 12160 1244
-98327 2060 589
-5461 -17607 3398
-68660 -89676 2740
89637 49673 606
90265 44676 683
88870 48256 474
21872 53768 1690
-3506 36015 9675
-88016 2054 353
-63855 53225 1826
87249 44870 947
-74708 48342 256
-84645 2501 3021
-426 -10016 861
-85942 -5418 1750
-84989 -1288 2638
1350 -22141 3436
88810 48085 291
-6749 -73353 1709
79571 -84949 9046
95552 47219 236
-59919 21726 12652
-52706 10254 1341
9527 20443 8189
-33215 -62786 591
-3371 -18446 6717
-865 -18340 4287
-59873 -2443 324
-42958 -28105 901
-73792 -81699 380
-87145 6574 5642
87958 47429 232
-36049 15045 1086
-90572 4121 6615
-59250 -1817 414
-52 97564 1017
-586 -14518 1720
-76478 -65657 1232
-62425 48594 1430
99992 51625 4218
-46287 9693 936
-83474 47881 911
87848 -77040 5862
-88353 -65332 725
-89803 7391 315
-58445 45666 1031
-75280 56930 437
1055 -13441 5515
91479 50863 429
-82534 42341 1371
-94843 11274 1900
86215 49373 989
-1185 -16550 4061
-90966 41479 483
-71796 53884 670
-75111 -79695 1098
91053 -22247 706
84745 -20324 6948
6069 26492 691
58316 -27170 5527
-86648 8320 1073
91760 46446 493
1981 -16176 278
-450 -11894 256
99961 -16670 2358
-61403 -91086 2695
92976 54150 1240
-99118 57770 247
66810 67172 418
20575 -88432 2357
52731 26542 13515
90954 47149 789
-93969 54104 328
-86744 51325 840
-85052 12749 657
24025 -11453 6236
5499 86070 3241
-85631 2038 253
25028 -87286 1622
-21732 -87427 1027
71714 -59472 1214
93541 -24431 433
-85292 -82462 294
-78765 49778 1164
41552 -94987 2818
-83445 10806 10266
-42369 -39307 1705
-92493 40471 1516
-97071 51772 349
91809 48464 285
70128 -62729 949
74353 30388 1402
92161 -22925 600
7316 -15333 427
31531 3056 263
91713 48403 1142
1224 -12906 242
-92128 31418 4341
-10071 -25401 341
-83915 4683 2130
-29187 -75252 1115
-6798 -31357 696
18126 -46641 10042
-5410 -19034 960
60052 59032 11912
3726 -4243 6387
-60931 -3650 374
-77497 7576 342
17217 -89242 431
57693 -95394 1013
-4882 -17442 2152
-60668 -11151 2827
-72809 52843 789
1615 -6662 2979
93108 41663 558
-86363 41355 278
-65547 49672 513
-87421 40933 340
-91877 32277 2634
-10434 -17915 4409
-31172 90206 4660
-85110 1838 953
-87986 57300 315
1276 96564 1647
91680 48903 618
-89550 3742 1073
-97906 1614 639
38522 81760 3085
-78937 25121 2386
-92595 -1408 306
91696 50231 1614
-91022 8686 4267
83178 12837 5954
-85518 3032 567
-59756 -32307 2401
-24163 -73849 1115
-82824 -3621 349
-76437 86721 617
-84726 2802 1243
-26662 18578 9472
-92365 2176 1164
-45677 -21230 1249
-73461 -67617 683
2654 97862 5386
-177 -92113 454
-86319 6234 1073
-19402 59202 7754
-20327 -52046 1088
-27183 79493 6568
-79601 7585 515
92642 47821 1053
91240 52085 395
-2849 -18213 8720
38261 -6933 4977
21538 74855 570
-96213 57308 429
-26873 -72581 1424
-43750 7758 675
-90319 6318 1645
54924 73996 11233
-78437 -81161 2290
1326 -27197 3151
-8366 -99329 440
-10716 23112 5972
-88249 156 3923
-3999 -9031 5110
-39494 -33185 287
-84478 5508 911
1123 -13280 945
3271 -5392 269
-87138 16783 378
-86426 895 3933
-25212 -75793 2736
-91283 15152 524
-84752 1507 4584
-97638 51045 273
37128 70279 11553
-23005 -71293 2324
21639 -79960 916
-10041 -54779 4030
-67059 57874 334
6378 -18190 1145
93825 38135 242
62362 -5696 1712
-81115 -72408 532
-99340 15904 2427
-87181 12475 1645
-90588 -11798 830
-60365 -25726 519
-67945 63718 2747
-88387 -4474 515
-86952 8645 1073
95457 54210 1459
-91511 1416 1073
-31434 -83224 430
-69034 52143 340
-88281 57369 291
-68517 22274 1478
-96494 47305 6661
-40900 -16293 831
88862 45778 474
-9556 -12677 604
-96710 -4088 285
-2850 -13566 2472
-65520 -26453 1174
77635 -69858 399
94293 61847 824
-76718 70080 1138
-25393 -82043 591
18400 13280 9425
-91597 40136 355
94077 -25122 441
54129 87200 862
-90796 44789 349
40654 -56505 290
88041 44424 872
365 -8107 1369
-62169 -16089 3160
-68410 52858 320
91911 -21433 433
-81411 2378 3323
-99589 -3805 1131
-79503 -49087 2323
-2863 -52562 1959
-89399 41349 947
-78279 -66306 1136
-44204 -15346 563
-12026 43710 1824
-63365 44957 1119
-83363 46939 989
567 -5225 2639
-24970 -63844 1677
-75732 50560 1093
-90853 763 1343
12835 -9418 7369
-2723 -10794 533
-10490 -11593 3702
-79693 -52227 2141
-6990 -3115 1070
-94241 54263 302
-85300 366 5839
61595 33883 555
-74180 26169 12717
-47135 -27470 1249
-87368 6619 1164
95046 40562 774
-90440 48976 1008
-88786 45309 2062
-80368 -2194 7652
-3956 -3171 2788
19506 -87231 1170
91944 33677 3962
-45937 -27408 1151
-85646 10510 1164
-18184 -47144 1431
91624 -21132 399
-25529 18161 1443
-98349 -7849 2746
98090 -3192 1131
-73135 -81757 323
88863 44263 804
-38070 -21981 367
-93587 -1111 391
-82975 17735 524
-91797 4264 1263
-28717 -60441 1047
-85163 -6733 2997
-1646 -9275 2636
-5028 -17061 334
-52908 45381 582
-73091 23808 499
-13124 -9510 1011
-72523 56188 278
-87873 -65881 2559
83943 -70684 725
-84327 1482 1008
-55785 -7929 4485
-71295 54288 617
20345 13491 2789
5734 -18263 8876
-99029 -45912 2003
-75863 4035 314
51914 -8046 1689
-28105 -79657 741
-93201 -8474 1483
7854 -9533 1338
-73920 77533 3443
4165 612 7599
66091 75331 2023
-85880 19748 670
89700 41460 1142
-42729 -63807 958
13276 14224 2525
-4831 -11282 321
-84803 978 761
-86508 7142 657
-89484 49411 1093
-82282 -82573 447
-3604 84300 5755
86864 -17607 1251
-90939 -11247 346
-79507 -69612 819
-56533 -31837 497
-94620 32272 2858
2808 9343 1173
-82542 17159 411
-43595 -14330 663
-50779 -96348 8686
-60318 -31326 811
-83352 50298 713
66181 73067 1229
-85918 4594 727
72805 55599 7646
-51254 24340 2997
-95441 -12054 2679
-36025 2808 2589
-26459 -60680 1233
-64757 -33556 2827
96959 -92388 2739
-63941 -2450 563
95832 51308 1584
-83398 -1461 789
-39023 -31954 398
71070 47638 9071
27051 -78679 486
-78653 7553 437
58325 -47805 1115
-47815 -10113 9046
-59352 -2541 275
-11742 -10273 285
779 -12667 1325
-5985 -19362 258
-17772 -91871 572
-87414 56938 371
-95380 5148 296
-65815 -51942 1209
-5417 -15641 5667
12814 -10381 2855
-94335 16751 302
91782 38844 378
40738 40479 1051
-84701 1635 647
1352 -11586 5318
-85762 854 1798
-69937 47928 403
-85589 1831 5416
96144 49689 1718
-81526 -2674 236
-84389 14058 349
89349 49168 558
-19876 36013 11661
-28 -62252 10601
16654 94730 3999
87058 -17620 1251
-57005 -31557 3874
-74028 47142 558
-3191 71393 11314
-94696 17437 236
-85445 5408 10515
-86707 -1314 1257
-83404 -22787 4614
-18399 -56495 1502
-51452 7548 5869
-84251 9340 840
76317 44551 2479
89742 -12693 1734
-1971 11563 3301
-73045 24928 1001
-39043 -31540 432
-83880 47751 1614
87736 -7135 536
-85740 1166 951
-2173 -82885 820
92160 37913 296
89146 -22797 766
67626 61458 526
-53344 19875 1951
-84600 -3906 273
-34903 13165 3085
97181 -200 8775
-33438 46442 5746
-15125 31136 983
-95668 -3466 474
-86566 49510 989
-84229 -12676 13843
-64047 55495 1158
-17033 -74112 2570
-88426 2099 3237
-94166 48585 1240
-71263 48224 515
-75537 -63155 1451
84221 62868 711
88700 48055 321
-78315 22916 2199
-95552 1227 10684
-94169 45949 727
-264 -77453 1047
57837 -57259 1291
-21941 33483 1699
-95468 56752 505
8324 -55287 2629
-80753 13286 524
92004 -21874 470
38731 39863 1308
-3677 -13871 3195
480 -13328 490
-70193 53561 463
-86978 7618 273
-2829 -3550 3612
-5264 -5695 1805
-4969 -5575 363
1985 -14685 2984
-90951 42223 929
2578 -12182 455
-62060 48718 1430
-7599 -32092 1052
-81943 6955 713
-31647 -22762 13334
71077 -57139 1259
-82461 -82963 412
-71299 1477 258
-85698 44921 1371
-81348 1363 692
92662 47862 355
-15414 45244 818
-79058 -86882 237
96666 -75272 2978
-41003 -15503 766
2345 -13870 430
10422 70694 494
-16347 34045 3747
-80748 19852 273
82146 50895 2195
1774 -9869 914
-23987 -65288 1819
25434 -77156 673
-68002 57246 426
91065 47774 321
-85545 4134 1489
29136 -75711 1709
-19831 -70824 1974
23276 -77615 860
-97099 -6069 273
-93503 16267 321
2514 95536 285
-41990 -15239 381
92055 47323 1371
-61340 49580 4068
-74374 76587 3712
91544 2064 2502
99579 3169 391
-83628 56443 675
-71366 -26773 542
89864 53371 3302
98282 2861 282
-82281 -218 789
24250 -84205 1148
-81825 -56465 527
-54160 45549 686
-19883 16647 4956
-91360 51226 856
-90110 43419 629
-2778 -10360 2859
4355 -10350 607
-88643 6692 1263
-90583 14753 12309
-89415 -13139 1757
-89875 7152 1371
-84691 -4175 296
-79131 -81640 730
-96328 12671 2062
-97019 1922 417
-99054 -2306 801
93355 52508 9928
1390 -12424 599
-66833 58102 308
-97598 57724 309
1366 -14292 4322
-78765 49778 1164
-86877 52868 713
99780 -1980 961
-71195 6636 4448
88512 41531 1240
-77721 17109 1722
23741 -9703 3821
-83505 971 929
24595 49672 437
-81162 9566 256
85157 -72419 8544
-92591 71903 1514
-9613 39075 415
-85396 681 5567
-66093 -9320 1973
-86472 6458 713
66766 -60683 3919
-1299 -53967 5640
-83729 -67572 2528
86732 45771 657
-1989 -98886 3905
-66433 42818 807
-99970 47232 418
-37562 13830 3072
-83519 1212 617
-65155 -29325 919
-78679 -85523 357
-91533 40471 328
-2132 -415 13140
-27640 -58857 1209
-93741 53851 296
-82466 48384 1487
-94709 -3103 558
-13038 37782 1026
-69348 55886 411
-55887 96533 11858
-1267 82754 438
-44558 -19786 1249
-33983 58898 12336
-97952 57759 342
-50829 -37198 1453
-68613 21667 2366
-1645 85165 2567
-82062 5552 8388
-43435 -19080 1151
82852 -68984 4544
-92121 42329 2427
96188 -15770 6395
-77861 57012 296
38719 62901 2179
-84313 71116 5968
-81531 52599 569
17110 -4698 1725
2494 -13149 1307
8906 -21471 10322
-23055 93233 5076
-83697 16856 617
85399 -20083 860
-1359 -73407 1233
-92537 10237 366
-88100 -39830 1766
-82709 53100 1008
40055 41200 616
-57498 43721 876
-90324 -6551 12874
1929 -27892 4593
-50930 -29301 1596
-85917 4108 1380
96874 49149 1718
97812 2637 240
-8977 38562 958
39920 44520 1356
-30858 -36481 1626
-89731 98455 7272
-51360 56817 4331
-90126 -26425 2946
-96064 52379 445
18838 -51166 827
-83608 3211 1941
-45764 -19298 1356
-85718 1585 286
-29696 -79628 3222
-84326 13235 273
93672 41808 606
-44472 -23193 1061
17473 -88874 468
57150 53219 3508
-27907 -15796 591
-95349 -14920 692
88715 45574 247
-63241 51583 1683
91803 48117 1053
-81248 61807 1262
-49120 13081 1297
-33630 -94910 5834
-10908 83463 909
-86466 15984 1877
-80630 9690 302
-83753 1772 869
-18520 -77687 530
-83437 49560 774
51648 23893 820
-81582 -81919 527
-9071 -38189 599
-93263 51729 970
-39555 5072 4606
-81979 -6173 11290
-7112 -3734 247
86900 41318 1345
-84581 2626 1460
61905 30968 1430
-86079 15657 252
47215 87881 8590
-81560 -11870 6215
52614 47807 2662
-49120 13081 1297
-69109 -47386 1047
-34181 -61345 591
-84734 90 1535
-44478 -91179 5720
94472 49188 759
-79230 17295 437
43300 77682 2043
-88598 12835 5239
-87451 75866 312
87448 -20867 979
15323 -27382 10971
-87295 -2583 3259
-65872 59094 2333
-31494 -60613 820
-32695 -63015 545
-91860 2662 564
-98874 -28739 5033
93420 51150 594
45498 -90947 1804
-41730 4798 5299
30528 -87489 1727
-88369 -1952 8286
-88841 772 829
-50003 -62190 782
92444 37447 252
91036 51765 364
-78487 -44929 2648
90882 48298 1487
-72119 10 11888
13597 -13541 6254
-81216 19492 321
44310 74464 6856
-82385 -132 7524
28317 -90691 5523
51214 59754 974
-86698 5750 774
-1899 -12154 909
-65018 -3640 1249
93862 94447 1485
-23508 -52863 654
90482 48939 242
86470 50619 1164
41049 71980 8670
-90711 12232 8779
-87405 20690 16911
-4195 -81546 1067
-33717 -62430 642
-1332 -9427 2560
70387 -66220 8816
91450 48212 273
-51193 44695 547
74022 -28158 4336
-74918 44597 1912
99305 18038 2634
-8629 -71692 1854
-47269 -19043 1471
-82688 -8204 5672
-84989 4135 2381
3761 -2056 7025
-86813 7694 606
-85551 47304 1751
-7637 -10752 1298
94293 41698 657
-84227 43989 1785
-91187 -79498 3964
-12693 49272 1692
90590 51213 3302
61520 -19914 784
-9370 -8869 4674
1808 95721 1544
-85916 41105 236
89806 45942 2584
-1959 81920 2510
-77397 89015 803
-89624 7667 342
-68580 52572 289
-97767 50817 252
88666 47849 437
-26741 72274 2592
95806 38570 548
-73436 55949 355
-89957 6831 268
64300 -10456 8210
19217 61485 659
-90719 50606 929
-4482 -7204 2783
-22808 -35414 2657
-24649 -82836 502
-62716 50055 1551
-59993 -2894 574
-40847 87354 14393
-24126 -73190 463
-47269 -19043 1471
-62062 -6402 1082
-98908 -58905 3264
97010 46971 349
-84034 6187 2502
26797 -16190 8672
-82582 -2686 328
87127 98052 2248
-59692 -2193 997
-98517 -2017 961
-88639 -89250 4319
76901 -83245 8989
94008 48548 824
-649 -11102 300
-3976 -2406 10472
-41330 -28440 766
-78232 -2330 6901
20718 -87357 1269
-6299 41077 3913
-94393 -850 461
-87742 2532 516
73410 46117 4058
-82592 15316 3311
-60169 96383 3736
-67980 -99658 9206
-78414 8857 5004
-33780 69849 6154
-59443 -2912 529
78859 -95162 3629
-79998 14450 411
-79650 54891 872
-75375 -60012 1708
1863 -18423 1119
31714 -91784 8512
-85905 1109 1060
-60355 -25228 478
-86269 15838 273
5585 -11490 4343
-79678 -190 7299
1492 -8614 1911
-87063 46284 1900
4716 28735 3377
-80568 15750 273
94869 49026 824
5355 -18634 1611
-82604 48593 1487
-82680 11925 606
-96185 12728 2062
-10276 -10770 1766
-6808 -16970 3732
70788 -74893 3858
57222 -12302 8367
2388 -12700 269
-82300 -2546 302
88131 -20706 979
91564 52340 429
29408 -45214 6788
59624 16691 3120
7163 -15450 480
-82434 2891 789
-76721 55352 629
91143 80278 586
-2313 80398 531
-81837 -832 727
91110 -28557 5256
-59606 -88798 3257
87854 34226 4299
-54789 40024 495
-73208 -80881 233
71534 69218 2900
-10401 -29520 6815
-89628 5731 2899
-81619 -84467 253
-25491 -67333 7854
96188 -9634 1701
-43263 -16330 441
3641 93429 3835
92688 40985 894
-66888 61302 2532
-85323 774 5151
28350 -7244 4448
92578 51662 1459
92103 49778 395
1895 -15409 963
2921 -17050 4245
-98036 13972 2237
-94105 5745 1487
66494 23555 2879
46339 42712 5965
-81651 12589 617
-3445 -2880 2372
-54972 77544 3227
91567 52281 1584
-93355 47946 1136
10749 85210 294
96192 85299 11390
6789 -584 6034
-87214 41766 355
-83770 51197 1187
-41130 -17127 901
95226 46075 569
54963 50704 4203
-87216 -8601 2166
-90028 45498 328
-18592 -81774 2324
-729 -14198 2301
-27755 -71805 1424
-60350 -22626 324
-41710 -16623 312
2733 -16549 6485
97972 -5028 3543
90216 51584 1459
-73903 9231 4502
-79923 51686 411
-4729 -12945 8675
-42412 -14353 299
1180 -23722 1945
-5489 -17868 840
85196 47348 840
-70729 -9402 3611
87208 -18812 1153
-969 79871 5950
91391 50745 263
443 -80942 755
-294 -11229 2420
-40897 -48372 3987
-55150 41034 582
18516 -87675 597
-89583 2050 626
38597 45400 1436
180 -7841 258
-59508 -5910 1382
-68 -78271 755
-85285 41979 1614
91095 69771 4733
-11838 -15574 483
-99068 -2852 1042
-80254 30132 2341
45937 -63021 3710
47388 63258 423
-56353 -93711 3254
-82632 16741 445
-8819 -12917 1097
-2931 -13738 1742
-50986 -15701 1879
-85554 6060 1284
11160 1025 8206
-40086 -97505 2764
-5193 -13092 3675
-74 -11059 5518
863 -12323 2438
-88549 3983 989
-39258 -30627 509
-61868 -40701 7772
-88344 47268 1073
6268 -24570 261
88012 50454 1164
-81489 -1437 670
92009 40577 525
-32863 39627 242
-70166 51538 670
91103 47922 1487
86932 -89460 2672
-80328 9661 1055
-95802 38556 2858
-41145 -15327 552
-76910 52163 683
83838 55290 2584
-49622 26309 4968
88441 47938 2804
-81378 -84440 233
-69949 55229 483
-79773 -67773 965
-78374 12608 1348
97158 47265 713
16838 93850 388
-81986 18718 411
-87820 -58779 1761
-94762 53161 700
-89380 12214 5883
-83092 -2304 578
-86298 4282 1150
-89958 41573 555
-79531 7229 896
-85244 6606 8452
-2949 -17195 766
-55672 -31530 422
-87280 3199 1287
1688 -12423 2688
2585 -13085 3619
-13080 -84480 1819
-91559 39355 1397
-11262 45345 2987
64560 -54123 2275
-89382 7928 371
25021 -62788 8132
-73354 52228 856
6018 -53317 1448
91306 47967 296
91287 38533 1164
-89643 -7744 7069
1783 -3912 256
3565 -5499 1267
-8677 36855 1543
-82439 -30652 13619
-7573 -12347 1570
-88878 2323 3224
51952 -88974 4171
85556 22126 568
-68312 -37120 2864
-78994 49713 232
89300 48302 247
-84484 1254 245
-7753 -57897 12464
-90419 47861 1093
-91583 42304 741
-94957 50958 465
-22050 9343 3873
752 80952 3322
87899 48312 371
-85597 8876 790
-52504 -67135 2218
93729 37901 263
88649 -59315 315
-89714 6230 10675
55042 54901 2543
-85623 3500 296
-97588 1030 693
42877 78682 367
91892 38498 349
-93687 48212 1240
45072 64010 1870
94890 53366 2837
-5363 -73599 1575
-66170 -91762 5547
-4674 -18353 289
-3377 -8153 5186
-87972 11472 1371
-37271 -54833 502
4066 -7335 1783
36828 50067 10583
-1882 -29962 4314
36029 84988 337
-94039 46011 965
94 -13471 1504
88150 47886 273
7223 -11911 451
34481 45491 2063
90658 2752 745
-50272 26611 299
-45937 9825 4917
90909 -21004 339
90765 45101 629
-73112 56056 328
-2698 -12390 4263
36627 52915 575
15047 13293 1284
31068 82383 3897
83579 35557 4664
96273 -78454 553
158 -11750 248
-91436 388 989
12747 88056 6339
-824 -47605 543
47243 81566 1951
-96436 2864 326
89275 45552 2584
-3235 -3211 4574
-87699 11011 493
46009 -98874 6989
-80480 96 236
-90811 -6632 6933
91944 33677 3962
39095 -21040 1320
-54497 48938 594
-62513 -28599 847
-80509 54596 789
-3128 -10303 545
98650 -14823 2173
-93722 54258 759
14039 -84323 661
-73825 48335 657
-73752 -83052 792
-83641 1775 1300
-8597 40126 269
55036 -49637 4253
-80411 332 256
-90503 -18724 3632
-36916 -63268 1055
89605 47528 1614
-12739 68401 2488
-95238 -38533 11895
-39531 24052 11089
-83804 313 584
-93963 -954 425
-87063 46284 1900
-3302 -12280 1020
4105 -20899 2536
-85082 1153 249
45621 79805 1852
-706 92257 4604
-5546 -11544 6167
-67265 -9530 3328
-83941 6273 2349
-89050 40426 1027
-96627 91466 3727
36753 81788 5299
-72770 -2317 333
79676 11610 3502
-85040 -498 881
10665 56776 1295
-74598 42278 3522
-27130 -77902 2969
-77726 50188 1073
95069 46647 618
92284 45816 2382
1004 -13383 379
-91862 1383 1945
-98757 47413 4577
91733 49323 1053
-40172 -16874 706
-82756 12236 713
99513 -99505 12595
-55762 12409 1850
-54874 45573 744
-88764 7397 1263
24489 96337 352
10353 -20880 5478
-97765 -16832 5894
-28318 39991 6347
83628 66990 2063
-60648 -2151 919
-1223 -6034 10637
887 -32675 4206
-89470 3991 288
-84332 14050 856
90668 -83985 458
90716 48264 1142
-94580 34676 2817
-68531 27961 403
26820 -1518 256
-94540 16955 278
-527 -8308 2254
576 -10793 696
-78844 55118 804
-713 -76459 1136
-60192 -3876 441
-3318 78347 1548
-78069 50810 1073
-76389 -48262 2141
2647 -88596 1929
90117 -67037 1168
-81122 18427 232
-65488 23359 1084
36166 41877 3123
-89292 -43707 1558
87893 45466 558
-74025 -67952 629
-54134 -13109 2213
48781 38096 587
-70085 48410 241
3061 -11547 4598
-2566 -83566 755
96302 49341 1864
-36085 90339 839
-23535 -80837 2736
-78382 -81507 792
-4505 -18562 6614
78745 44939 271
-79265 37804 2991
-1081 -19624 1274
-83733 -57583 3031
59260 -48958 933
-80919 9676 278
-709 -11721 694
-60687 -4808 249
38346 59536 5290
-88584 48550 989
60265 -51578 967
85883 57041 2804
-63301 38128 1613
-133 -13404 722
-3793 -25182 9797
902 -18070 4926
-9130 -3001 1303
-52892 47362 5098
95289 47252 670
75103 -74066 3472
-58901 45004 1031
7512 -11275 2142
-83350 -10315 423
-82707 43645 1263
-86564 9305 523
92504 50709 700
-1775 -8399 3311
37086 19931 565
-32507 -57413 965
-86593 13316 515
-5329 -33437 4437
96604 47668 657
-61112 -97977 1099
-78264 -7477 389
-75964 -64481 1337
-1648 -10940 393
-58809 -2740 1082
39089 40595 9260
-35423 14193 617
-98036 13972 2237
96100 47899 1864
-86699 6199 2412
-90150 41164 321
-82574 -3885 378
-60352 -24770 441
-48790 -95914 688
-89384 5975 435
45586 -65419 315
-75047 54009 713
-85231 4113 938
-82914 -17473 2663
-74219 23292 1286
-91832 44228 445
-64110 -10038 3067
95234 -40962 2202
-88579 6927 1263
-37568 13625 259
-83249 -967 2879
-6537 -84002 1002
87584 -15008 1473
-80055 72952 4399
-32277 -37339 312
-76999 -78731 859
-57248 11726 531
-91889 -1371 840
-97183 -5488 321
87264 51248 1073
-85910 9039 989
862 -11921 3038
-98849 -14420 1811
-78603 -81145 620
-76049 57158 371
85182 44801 316
-14315 -55494 1479
59250 -4201 690
-90038 72427 6098
-86273 2482 1187
96172 45731 483
-70316 -8546 8096
-81157 -70596 16746
-7646 1171 1143
-67880 -6547 3218
91602 41741 12286
-60356 -4756 519
-74895 48182 236
-16480 -82491 2142
-33514 9990 959
-93746 4293 1371
-24687 -53111 555
20569 -13710 3383
-88926 -652 4585
-58211 -6115 1273
-79559 9122 4353
90088 48596 445
88851 49862 558
-79378 8149 972
93402 -82162 3850
-4857 6085 1193
50902 56884 7217
2654 -22116 1079
94874 57387 3583
-78886 -60307 7239
-60420 46670 1214
86080 89350 13058
-86124 634 1234
99992 51625 4218
-90416 37504 1312
-76725 50431 989
24741 -77050 731
-56425 44971 4068
60444 -18742 4748
-90219 39317 1287
-7936 -19115 5470
-95962 3587 255
50546 -58922 5643
-85824 523 1283
3060 94933 1031
-60353 -24347 406
-69918 69349 2695
-85435 3485 14241
-91249 -4144 318
-74719 93207 6210
-89162 5052 876
-70546 29534 1638
-40380 -16230 650
-90493 40623 378
-73094 23775 761
-51809 49571 1336
-82133 -749 1309
454 -77682 820
-275 -85850 8018
-62102 -2763 719
38 -78411 965
-2121 -80139 1047
-87764 41357 2101
45421 57100 11487
-21384 -55853 666
-86869 -56265 4729
60118 -34446 12352
92213 78544 3647
-32720 -58855 873
-82808 -2942 355
-86989 -7732 7783
-68411 -49415 696
-4041 -60566 10507
-5802 5240 270
-84301 14871 789
-99587 -3961 943
91663 58620 3302
2010 -16473 685
47895 -78934 1130
-89999 -3849 1313
6275 99666 7326
18435 -86895 1078
-86801 40277 266
-86484 16024 296
-99796 -9699 1418
-97743 14206 2237
-12071 -7213 448
-2962 -9681 478
105 -18976 415
-80291 15688 296
52196 45555 4754
-86119 5003 3928
-81804 -65411 2130
-83523 3315 2633
99953 -8361 1307
-82437 -83717 350
-83846 13120 232
98951 -46711 1267
20164 -91515 2542
-86715 11082 1263
1046 -6269 244
13224 -69378 242
-88546 7712 1516
-49104 24192 2697
-90905 8351 1487
87722 52267 1164
43822 79316 1459
89975 48557 713
-6698 -16630 4491
-761 -92891 535
92284 45816 2382
-72547 -63828 1027
91232 49292 569
-48540 11979 1196
90674 45301 2804
-92091 -93578 3036
-47123 38788 3505
781 -8310 11424
-46243 -33752 268
33724 -89449 2033
-78 81852 2824
-96027 -3748 437
-81243 -3166 524
-64836 43530 950
18518 -8435 2581
-68905 84834 5620
-73917 -81324 412
-11050 -62321 6563
-80334 9583 328
-99340 15904 2427
-80746 -50261 2323
85529 50016 1073
88283 -59333 7648
-14406 45555 1072
13676 13448 954
-5712 -5428 384
-83101 -45458 2735
2255 -10816 9367
14673 94504 2229
-69484 26492 4262
-98198 55422 502
-86935 8309 2574
-7258 -7114 705
-812 -9227 4385
-54759 -30890 330
76861 -10023 4706
87050 -16317 1357
-73839 16028 11393
10089 94507 4204
-61091 -28014 719
-82543 -44918 3735
-46809 9312 936
94579 49909 700
-91468 47453 856
-11152 -20100 6090
-3287 -20002 3583
-80624 32543 2541
-13735 -60255 1890
-81258 54257 856
-89275 49201 911
-65639 43097 876
91887 -22349 510
-64280 -28174 997
-1026 97597 2629
-17682 30772 533
35750 -44025 9628
71953 5064 11607
-3490 7512 2838
-79242 50150 273
-81877 -84416 274
-975 97756 475
-87599 7733 1164
-2745 40202 1092
-75520 53436 774
-42607 87010 347
32882 12499 3378
-96815 2266 384
41198 47915 7270
-392 -92534 493
-80402 -68503 2136
-74563 44585 342
-81955 378 6872
-92631 4346 1134
-87684 57170 342
-73508 24960 4699
-86762 1965 284
-73753 -12207 17115
-78869 11413 1242
-77547 -65377 1232
-42197 -14336 780
-1849 -11603 2687
822 -25240 948
38487 61318 2766
-83499 48756 840
90880 50353 364
1219 -6020 1201
-4402 -75800 1451
-98092 -5528 941
-57134 31215 2935
-7920 -12789 1850
-1324 -14454 1977
-42106 -28255 831
8495 -14385 246
97274 45789 840
-60337 -23598 345
-93454 52898 378
5822 -54891 843
-79625 -96107 5235
42032 -40541 4192
-85495 81621 10337
-477 -19387 5240
-53091 29025 10204
-11570 32834 367
-88871 -4243 558
-54404 46423 686
-28269 -36376 7575
-115 94559 1513
98564 2944 306
10206 88655 1943
94353 50542 645
-72788 49076 657
-73162 -23077 1580
90479 -82234 1729
82992 -91398 2388
93990 63331 700
-91421 45890 727
-91601 49347 1114
-59222 19339 266
-90753 6517 4764
-82888 2886 5575
-78425 10468 708
93680 51795 1345
-90909 44513 741
4686 -8208 2066
-74592 55602 454
-5305 72447 4797
-5675 82583 247
-46352 -20117 1356
70468 -50133 1567
-23933 -72803 1027
90869 50341 1263
82009 14260 418
-97943 11616 2062
-79929 8461 881
-57528 37565 3456
51103 -23800 2955
-77179 7657 315
-57897 -923 936
-91787 -1500 240
-4631 -17060 6473
94658 45742 2195
1712 -13858 1120
48903 43140 1919
-78688 -86179 303
-38930 68012 11743
-10262 37939 1346
87315 45530 606
89276 -47319 838
90028 47667 606
-5148 -17284 477
-57775 67617 714
23855 -47776 8499
-89300 -89122 8498
-21403 57563 7248
94394 -73803 1303
89475 46919 445
-76334 -69833 889
-69747 49006 247
-94125 41019 1819
6751 84881 6085
23352 -28365 469
-69748 52062 401
-2509 79887 1281
-63289 -1614 1471
-76073 52849 840
-10113 -19811 11370
93393 38701 989
1009 -10220 463
-78891 53362 872
98453 -49500 290
-81444 -3627 483
4550 -9800 823
-80595 53551 856
-22991 -62902 1575
-25257 -61131 1338
-85396 1747 1101
-96572 57509 395
47291 33112 7774
69431 3938 2799
-81699 18989 378
6258 65107 661
-24189 38069 6179
-27995 62972 324
-63315 -12440 3067
-2845 40195 7049
-37190 48660 6735
-83520 14750 1287
99992 -5958 1110
29818 95159 3892
-4786 -83741 545
-84259 -2680 2726
-38548 -20554 244
-24975 -82427 545
-32831 -80826 3496
54852 85859 1677
-91441 -4375 528
94182 48058 284
-82789 17967 1008
-94074 16575 328
-63040 -15104 2480
-84600 3107 585
19999 23714 2054
-57049 -31881 539
-87002 -714 1709
-80104 -7133 4473
-57609 -24356 2078
95684 47427 256
93889 -3086 16359
-5819 -18743 1083
-82459 14106 558
-84228 45702 1645
-62853 46004 1214
93943 29198 3651
-92405 47550 929
-92792 44174 524
-9065 -14114 387
-96897 84620 1147
-64955 -77737 851
43924 -5117 1530
-59039 -2605 487
-61897 -4445 663
-78011 -79940 730
-84486 1275 6291
-45208 -81559 1151
29617 -35111 8763
-9600 39216 5036
31443 -20977 969
-76656 50163 989
184 -14616 320
-2469 -12892 4844
-79917 49399 1263
66526 -31742 10340
91845 48759 309
-8636 -1852 1499
87595 -59096 389
-44725 6102 622
-34541 -92604 8032
